r_times,cdf,ref
0,0,0
0.81541,0,0
0.81541,6.112469437652812e-4,6.108735491753207e-4
1.1222573498884618,6.112469437652812e-4,6.108735491753207e-4
1.1222573498884618,0.0012224938875305623,0.0012217470983506415
1.9155082926539644,0.0012224938875305623,0.0012217470983506415
1.9155082926539644,0.0018337408312958435,0.0018326206475259622
2.5475281398382235,0.0018337408312958435,0.0018326206475259622
2.5475281398382235,0.0024449877750611247,0.002443494196701283
3.3308935643457587,0.0024449877750611247,0.002443494196701283
3.3308935643457587,0.003056234718826406,0.0030543677458766036
3.4716076430114744,0.003056234718826406,0.0030543677458766036
3.4716076430114744,0.003667481662591687,0.0036652412950519244
3.950892555584698,0.003667481662591687,0.0036652412950519244
3.950892555584698,0.004278728606356968,0.004276114844227245
4.3315749345949355,0.004278728606356968,0.004276114844227245
4.3315749345949355,0.004889975550122249,0.004886988393402566
4.440908961985544,0.004889975550122249,0.004886988393402566
4.440908961985544,0.005501222493887531,0.005497861942577886
4.860857520847318,0.005501222493887531,0.005497861942577886
4.860857520847318,0.006112469437652812,0.006108735491753207
5.509527569814724,0.006112469437652812,0.006108735491753207
5.509527569814724,0.006723716381418093,0.006719609040928528
6.17209045624687,0.006723716381418093,0.006719609040928528
6.17209045624687,0.007334963325183374,0.007330482590103849
7.284066224142329,0.007334963325183374,0.007330482590103849
7.284066224142329,0.007946210268948655,0.00794135613927917
8.135111198703921,0.007946210268948655,0.00794135613927917
8.135111198703921,0.008557457212713936,0.00855222968845449
11.031771207035304,0.008557457212713936,0.00855222968845449
11.031771207035304,0.009168704156479218,0.00916310323762981
16.62715553024644,0.009168704156479218,0.00916310323762981
16.62715553024644,0.009779951100244499,0.009773976786805132
17.92068667260061,0.009779951100244499,0.009773976786805132
17.92068667260061,0.01039119804400978,0.010384850335980453
21.032010365264934,0.01039119804400978,0.010384850335980453
21.032010365264934,0.011002444987775062,0.010995723885155772
21.92333083013072,0.011002444987775062,0.010995723885155772
21.92333083013072,0.011613691931540342,0.011606597434331093
22.907581066900534,0.011613691931540342,0.011606597434331093
22.907581066900534,0.012224938875305624,0.012217470983506415
23.857475122867577,0.012224938875305624,0.012217470983506415
23.857475122867577,0.012836185819070905,0.012828344532681736
25.395751839350446,0.012836185819070905,0.012828344532681736
25.395751839350446,0.013447432762836185,0.013439218081857055
25.774102749756402,0.013447432762836185,0.013439218081857055
25.774102749756402,0.014058679706601468,0.014050091631032376
25.999492531567906,0.014058679706601468,0.014050091631032376
25.999492531567906,0.014669926650366748,0.014660965180207697
26.381500050781593,0.014669926650366748,0.014660965180207697
26.381500050781593,0.015281173594132029,0.015271838729383017
27.8357776001712,0.015281173594132029,0.015271838729383017
27.8357776001712,0.01589242053789731,0.01588271227855834
29.33899177322771,0.01589242053789731,0.01588271227855834
29.33899177322771,0.01650366748166259,0.016493585827733658
30.768026366046783,0.01650366748166259,0.016493585827733658
30.768026366046783,0.017114914425427872,0.01710445937690898
31.239306523764263,0.017114914425427872,0.01710445937690898
31.239306523764263,0.017726161369193152,0.0177153329260843
32.167766609476104,0.017726161369193152,0.0177153329260843
32.167766609476104,0.018337408312958436,0.01832620647525962
32.86678777831195,0.018337408312958436,0.01832620647525962
32.86678777831195,0.018948655256723717,0.018937080024434942
33.40966719643953,0.018948655256723717,0.018937080024434942
33.40966719643953,0.019559902200488997,0.019547953573610263
33.530718986971664,0.019559902200488997,0.019547953573610263
33.530718986971664,0.020171149144254278,0.020158827122785584
33.88832333146199,0.020171149144254278,0.020158827122785584
33.88832333146199,0.02078239608801956,0.020769700671960906
34.47178884163838,0.02078239608801956,0.020769700671960906
34.47178884163838,0.021393643031784843,0.021380574221136223
34.957921900209044,0.021393643031784843,0.021380574221136223
34.957921900209044,0.022004889975550123,0.021991447770311544
35.36611003008511,0.022004889975550123,0.021991447770311544
35.36611003008511,0.022616136919315404,0.022602321319486866
36.83541428949545,0.022616136919315404,0.022602321319486866
36.83541428949545,0.023227383863080684,0.023213194868662187
37.12988928078083,0.023227383863080684,0.023213194868662187
37.12988928078083,0.023838630806845965,0.023824068417837508
37.59587610921403,0.023838630806845965,0.023824068417837508
37.59587610921403,0.02444987775061125,0.02443494196701283
38.04872644609048,0.02444987775061125,0.02443494196701283
38.04872644609048,0.02506112469437653,0.02504581551618815
40.251840853789695,0.02506112469437653,0.02504581551618815
40.251840853789695,0.02567237163814181,0.02565668906536347
40.70521212074195,0.02567237163814181,0.02565668906536347
40.70521212074195,0.02628361858190709,0.02626756261453879
41.00841993055431,0.02628361858190709,0.02626756261453879
41.00841993055431,0.02689486552567237,0.02687843616371411
41.88452670997366,0.02689486552567237,0.02687843616371411
41.88452670997366,0.02750611246943765,0.02748930971288943
42.1731685855737,0.02750611246943765,0.02748930971288943
42.1731685855737,0.028117359413202935,0.028100183262064753
43.33488262800583,0.028117359413202935,0.028100183262064753
43.33488262800583,0.028728606356968216,0.028711056811240074
43.60319661009649,0.028728606356968216,0.028711056811240074
43.60319661009649,0.029339853300733496,0.029321930360415395
44.10322250424448,0.029339853300733496,0.029321930360415395
44.10322250424448,0.029951100244498777,0.029932803909590716
44.7120299194419,0.029951100244498777,0.029932803909590716
44.7120299194419,0.030562347188264057,0.030543677458766034
49.98742085418736,0.030562347188264057,0.030543677458766034
49.98742085418736,0.03117359413202934,0.031154551007941355
50.812738367478985,0.03117359413202934,0.031154551007941355
50.812738367478985,0.03178484107579462,0.03176542455711668
51.686354925977156,0.03178484107579462,0.03176542455711668
51.686354925977156,0.0323960880195599,0.032376298106292
52.70558869224928,0.0323960880195599,0.032376298106292
52.70558869224928,0.03300733496332518,0.032987171655467315
54.116143100271415,0.03300733496332518,0.032987171655467315
54.116143100271415,0.03361858190709047,0.033598045204642636
61.283792525717345,0.03361858190709047,0.033598045204642636
61.283792525717345,0.034229828850855744,0.03420891875381796
61.69996197281143,0.034229828850855744,0.03420891875381796
61.69996197281143,0.03484107579462103,0.03481979230299328
62.154446702953756,0.03484107579462103,0.03481979230299328
62.154446702953756,0.035452322738386305,0.0354306658521686
62.529163024312005,0.035452322738386305,0.0354306658521686
62.529163024312005,0.03606356968215159,0.03604153940134392
63.20163549657369,0.03606356968215159,0.03604153940134392
63.20163549657369,0.03667481662591687,0.03665241295051924
64.76600276764643,0.03667481662591687,0.03665241295051924
64.76600276764643,0.03728606356968215,0.03726328649969456
65.18038886028964,0.03728606356968215,0.03726328649969456
65.18038886028964,0.037897310513447434,0.037874160048869884
67.61440733239066,0.037897310513447434,0.037874160048869884
67.61440733239066,0.03850855745721271,0.038485033598045205
68.10754080122847,0.03850855745721271,0.038485033598045205
68.10754080122847,0.039119804400977995,0.03909590714722053
69.65463131474273,0.039119804400977995,0.03909590714722053
69.65463131474273,0.03973105134474328,0.03970678069639585
70.35254193862146,0.03973105134474328,0.03970678069639585
70.35254193862146,0.040342298288508556,0.04031765424557117
71.94842800828317,0.040342298288508556,0.04031765424557117
71.94842800828317,0.04095354523227384,0.04092852779474649
72.72128814966055,0.04095354523227384,0.04092852779474649
72.72128814966055,0.04156479217603912,0.04153940134392181
73.67189419033991,0.04156479217603912,0.04153940134392181
73.67189419033991,0.0421760391198044,0.042150274893097125
74.19551623063677,0.0421760391198044,0.042150274893097125
74.19551623063677,0.042787286063569685,0.04276114844227245
76.76971978370587,0.042787286063569685,0.04276114844227245
76.76971978370587,0.04339853300733496,0.04337202199144777
78.29271852342407,0.04339853300733496,0.04337202199144777
78.29271852342407,0.044009779951100246,0.04398289554062309
83.33876528046694,0.044009779951100246,0.04398289554062309
83.33876528046694,0.04462102689486552,0.04459376908979841
85.04450625183117,0.04462102689486552,0.04459376908979841
85.04450625183117,0.04523227383863081,0.04520464263897373
85.67004122519117,0.04523227383863081,0.04520464263897373
85.67004122519117,0.04584352078239609,0.04581551618814905
86.19765621775423,0.04584352078239609,0.04581551618814905
86.19765621775423,0.04645476772616137,0.046426389737324374
87.15656205558284,0.04645476772616137,0.046426389737324374
87.15656205558284,0.04706601466992665,0.047037263286499695
87.83640360368837,0.04706601466992665,0.047037263286499695
87.83640360368837,0.04767726161369193,0.047648136835675016
88.8617741635019,0.04767726161369193,0.047648136835675016
88.8617741635019,0.04828850855745721,0.04825901038485034
89.91648921463793,0.04828850855745721,0.04825901038485034
89.91648921463793,0.0488997555012225,0.04886988393402566
90.50932010676684,0.0488997555012225,0.04886988393402566
90.50932010676684,0.049511002444987774,0.04948075748320098
91.90571676605009,0.049511002444987774,0.04948075748320098
91.90571676605009,0.05012224938875306,0.0500916310323763
95.65555336420434,0.05012224938875306,0.0500916310323763
95.65555336420434,0.050733496332518335,0.05070250458155162
96.22808694868627,0.050733496332518335,0.05070250458155162
96.22808694868627,0.05134474327628362,0.05131337813072694
97.4832235550318,0.05134474327628362,0.05131337813072694
97.4832235550318,0.0519559902200489,0.05192425167990226
100.9747777828851,0.0519559902200489,0.05192425167990226
100.9747777828851,0.05256723716381418,0.05253512522907758
101.21187422053873,0.05256723716381418,0.05253512522907758
101.21187422053873,0.053178484107579464,0.0531459987782529
101.90782734221902,0.053178484107579464,0.0531459987782529
101.90782734221902,0.05378973105134474,0.05375687232742822
102.15033835024009,0.05378973105134474,0.05375687232742822
102.15033835024009,0.054400977995110025,0.05436774587660354
103.61591762622133,0.054400977995110025,0.05436774587660354
103.61591762622133,0.0550122249388753,0.05497861942577886
104.86284840754396,0.0550122249388753,0.05497861942577886
104.86284840754396,0.055623471882640586,0.055589492974954184
105.1689222803591,0.055623471882640586,0.055589492974954184
105.1689222803591,0.05623471882640587,0.056200366524129505
105.96841153329096,0.05623471882640587,0.056200366524129505
105.96841153329096,0.05684596577017115,0.056811240073304826
106.53963703839734,0.05684596577017115,0.056811240073304826
106.53963703839734,0.05745721271393643,0.05742211362248015
107.41334000481555,0.05745721271393643,0.05742211362248015
107.41334000481555,0.05806845965770171,0.05803298717165547
108.74997626390356,0.05806845965770171,0.05803298717165547
108.74997626390356,0.05867970660146699,0.05864386072083079
109.12277404267007,0.05867970660146699,0.05864386072083079
109.12277404267007,0.059290953545232276,0.05925473427000611
109.5895748484471,0.059290953545232276,0.05925473427000611
109.5895748484471,0.05990220048899755,0.05986560781918143
110.99436245775236,0.05990220048899755,0.05986560781918143
110.99436245775236,0.06051344743276284,0.06047648136835675
111.4244765834427,0.06051344743276284,0.06047648136835675
111.4244765834427,0.061124694376528114,0.06108735491753207
112.30061482362979,0.061124694376528114,0.06108735491753207
112.30061482362979,0.0617359413202934,0.06169822846670739
113.5864092856136,0.0617359413202934,0.06169822846670739
113.5864092856136,0.06234718826405868,0.06230910201588271
116.23842717430992,0.06234718826405868,0.06230910201588271
116.23842717430992,0.06295843520782396,0.06291997556505803
116.86878806326598,0.06295843520782396,0.06291997556505803
116.86878806326598,0.06356968215158924,0.06353084911423336
117.22381999995604,0.06356968215158924,0.06353084911423336
117.22381999995604,0.06418092909535453,0.06414172266340867
117.69310537238573,0.06418092909535453,0.06414172266340867
117.69310537238573,0.0647921760391198,0.064752596212584
117.90464751128263,0.0647921760391198,0.064752596212584
117.90464751128263,0.06540342298288508,0.06536346976175932
118.19054186350638,0.06540342298288508,0.06536346976175932
118.19054186350638,0.06601466992665037,0.06597434331093463
118.64386040899262,0.06601466992665037,0.06597434331093463
118.64386040899262,0.06662591687041565,0.06658521686010996
118.97014516731721,0.06662591687041565,0.06658521686010996
118.97014516731721,0.06723716381418093,0.06719609040928527
119.35375857409653,0.06723716381418093,0.06719609040928527
119.35375857409653,0.0678484107579462,0.0678069639584606
119.7957795064981,0.0678484107579462,0.0678069639584606
119.7957795064981,0.06845965770171149,0.06841783750763591
120.54206318142072,0.06845965770171149,0.06841783750763591
120.54206318142072,0.06907090464547677,0.06902871105681124
121.14411931956087,0.06907090464547677,0.06902871105681124
121.14411931956087,0.06968215158924206,0.06963958460598656
121.32390564580425,0.06968215158924206,0.06963958460598656
121.32390564580425,0.07029339853300734,0.07025045815516189
121.79823687609763,0.07029339853300734,0.07025045815516189
121.79823687609763,0.07090464547677261,0.0708613317043372
122.56922740377985,0.07090464547677261,0.0708613317043372
122.56922740377985,0.0715158924205379,0.07147220525351253
123.21007394020849,0.0715158924205379,0.07147220525351253
123.21007394020849,0.07212713936430318,0.07208307880268784
123.69643553401923,0.07212713936430318,0.07208307880268784
123.69643553401923,0.07273838630806846,0.07269395235186317
124.08167552811773,0.07273838630806846,0.07269395235186317
124.08167552811773,0.07334963325183375,0.07330482590103848
124.47471071087861,0.07334963325183375,0.07330482590103848
124.47471071087861,0.07396088019559902,0.07391569945021381
124.9035597077704,0.07396088019559902,0.07391569945021381
124.9035597077704,0.0745721271393643,0.07452657299938913
125.22427201603806,0.0745721271393643,0.07452657299938913
125.22427201603806,0.07518337408312958,0.07513744654856444
125.6403757669115,0.07518337408312958,0.07513744654856444
125.6403757669115,0.07579462102689487,0.07574832009773977
126.33017763009252,0.07579462102689487,0.07574832009773977
126.33017763009252,0.07640586797066015,0.07635919364691508
126.54315424880294,0.07640586797066015,0.07635919364691508
126.54315424880294,0.07701711491442542,0.07697006719609041
126.91630157861098,0.07701711491442542,0.07697006719609041
126.91630157861098,0.0776283618581907,0.07758094074526573
127.60657813196332,0.0776283618581907,0.07758094074526573
127.60657813196332,0.07823960880195599,0.07819181429444105
128.08026783272012,0.07823960880195599,0.07819181429444105
128.08026783272012,0.07885085574572127,0.07880268784361637
130.59400253329028,0.07885085574572127,0.07880268784361637
130.59400253329028,0.07946210268948656,0.0794135613927917
132.33987899168022,0.07946210268948656,0.0794135613927917
132.33987899168022,0.08007334963325183,0.08002443494196701
133.84568292955643,0.08007334963325183,0.08002443494196701
133.84568292955643,0.08068459657701711,0.08063530849114234
134.40315437479822,0.08068459657701711,0.08063530849114234
134.40315437479822,0.0812958435207824,0.08124618204031765
137.43732452657554,0.0812958435207824,0.08124618204031765
137.43732452657554,0.08190709046454768,0.08185705558949298
139.29878311335622,0.08190709046454768,0.08185705558949298
139.29878311335622,0.08251833740831296,0.0824679291386683
140.32510254535396,0.08251833740831296,0.0824679291386683
140.32510254535396,0.08312958435207823,0.08307880268784362
140.88672871754522,0.08312958435207823,0.08307880268784362
140.88672871754522,0.08374083129584352,0.08368967623701894
143.75950784080027,0.08374083129584352,0.08368967623701894
143.75950784080027,0.0843520782396088,0.08430054978619425
144.37736941176698,0.0843520782396088,0.08430054978619425
144.37736941176698,0.08496332518337409,0.08491142333536958
145.45631642891664,0.08496332518337409,0.08491142333536958
145.45631642891664,0.08557457212713937,0.0855222968845449
145.98054568470573,0.08557457212713937,0.0855222968845449
145.98054568470573,0.08618581907090464,0.08613317043372022
146.26178672223838,0.08618581907090464,0.08613317043372022
146.26178672223838,0.08679706601466992,0.08674404398289554
146.70823520749664,0.08679706601466992,0.08674404398289554
146.70823520749664,0.08740831295843521,0.08735491753207086
147.30110109887949,0.08740831295843521,0.08735491753207086
147.30110109887949,0.08801955990220049,0.08796579108124618
148.19740398218482,0.08801955990220049,0.08796579108124618
148.19740398218482,0.08863080684596578,0.0885766646304215
148.501022963768,0.08863080684596578,0.0885766646304215
148.501022963768,0.08924205378973105,0.08918753817959682
149.12189208717533,0.08924205378973105,0.08918753817959682
149.12189208717533,0.08985330073349633,0.08979841172877215
149.6553224685973,0.08985330073349633,0.08979841172877215
149.6553224685973,0.09046454767726161,0.09040928527794746
150.10031955995984,0.09046454767726161,0.09040928527794746
150.10031955995984,0.0910757946210269,0.09102015882712279
150.25302437387185,0.0910757946210269,0.09102015882712279
150.25302437387185,0.09168704156479218,0.0916310323762981
150.46366919537894,0.09168704156479218,0.0916310323762981
150.46366919537894,0.09229828850855745,0.09224190592547343
150.89566200261197,0.09229828850855745,0.09224190592547343
150.89566200261197,0.09290953545232274,0.09285277947464875
151.1444027589558,0.09290953545232274,0.09285277947464875
151.1444027589558,0.09352078239608802,0.09346365302382406
151.51245846189775,0.09352078239608802,0.09346365302382406
151.51245846189775,0.0941320293398533,0.09407452657299939
151.68669440510385,0.0941320293398533,0.09407452657299939
151.68669440510385,0.09474327628361859,0.0946854001221747
151.86611562238278,0.09474327628361859,0.0946854001221747
151.86611562238278,0.09535452322738386,0.09529627367135003
152.05064491506099,0.09535452322738386,0.09529627367135003
152.05064491506099,0.09596577017114914,0.09590714722052535
152.61388282543993,0.09596577017114914,0.09590714722052535
152.61388282543993,0.09657701711491443,0.09651802076970067
152.89961524646972,0.09657701711491443,0.09651802076970067
152.89961524646972,0.09718826405867971,0.09712889431887599
153.47885333792175,0.09718826405867971,0.09712889431887599
153.47885333792175,0.097799511002445,0.09773976786805132
154.1886627181218,0.097799511002445,0.09773976786805132
154.1886627181218,0.09841075794621026,0.09835064141722663
154.4171401699101,0.09841075794621026,0.09835064141722663
154.4171401699101,0.09902200488997555,0.09896151496640196
154.8491385847362,0.09902200488997555,0.09896151496640196
154.8491385847362,0.09963325183374083,0.09957238851557727
155.15295867681533,0.09963325183374083,0.09957238851557727
155.15295867681533,0.10024449877750612,0.1001832620647526
156.33055912513805,0.10024449877750612,0.1001832620647526
156.33055912513805,0.1008557457212714,0.10079413561392792
156.63262288785802,0.1008557457212714,0.10079413561392792
156.63262288785802,0.10146699266503667,0.10140500916310324
157.96559275393008,0.10146699266503667,0.10140500916310324
157.96559275393008,0.10207823960880195,0.10201588271227856
161.21717246812096,0.10207823960880195,0.10201588271227856
161.21717246812096,0.10268948655256724,0.10262675626145389
161.9932552256661,0.10268948655256724,0.10262675626145389
161.9932552256661,0.10330073349633252,0.1032376298106292
162.3415782525076,0.10330073349633252,0.1032376298106292
162.3415782525076,0.1039119804400978,0.10384850335980451
163.64136093700643,0.1039119804400978,0.10384850335980451
163.64136093700643,0.10452322738386308,0.10445937690897984
167.38780737524206,0.10452322738386308,0.10445937690897984
167.38780737524206,0.10513447432762836,0.10507025045815516
168.04554855907392,0.10513447432762836,0.10507025045815516
168.04554855907392,0.10574572127139364,0.10568112400733048
169.48961902683968,0.10574572127139364,0.10568112400733048
169.48961902683968,0.10635696821515893,0.1062919975565058
170.97887685470954,0.10635696821515893,0.1062919975565058
170.97887685470954,0.1069682151589242,0.10690287110568113
171.53338759708816,0.1069682151589242,0.10690287110568113
171.53338759708816,0.10757946210268948,0.10751374465485644
172.73442469947992,0.10757946210268948,0.10751374465485644
172.73442469947992,0.10819070904645477,0.10812461820403177
173.6050295356742,0.10819070904645477,0.10812461820403177
173.6050295356742,0.10880195599022005,0.10873549175320708
174.47648220291177,0.10880195599022005,0.10873549175320708
174.47648220291177,0.10941320293398533,0.10934636530238241
175.2813719526177,0.10941320293398533,0.10934636530238241
175.2813719526177,0.1100244498777506,0.10995723885155773
175.90816725001787,0.1100244498777506,0.10995723885155773
175.90816725001787,0.11063569682151589,0.11056811240073305
177.17930851618763,0.11063569682151589,0.11056811240073305
177.17930851618763,0.11124694376528117,0.11117898594990837
178.68513450230168,0.11124694376528117,0.11117898594990837
178.68513450230168,0.11185819070904646,0.1117898594990837
179.35329046083768,0.11185819070904646,0.1117898594990837
179.35329046083768,0.11246943765281174,0.11240073304825901
179.87460447415646,0.11246943765281174,0.11240073304825901
179.87460447415646,0.11308068459657701,0.11301160659743432
181.48979201337306,0.11308068459657701,0.11301160659743432
181.48979201337306,0.1136919315403423,0.11362248014660965
182.47843059609403,0.1136919315403423,0.11362248014660965
182.47843059609403,0.11430317848410758,0.11423335369578497
183.27104131446077,0.11430317848410758,0.11423335369578497
183.27104131446077,0.11491442542787286,0.1148442272449603
184.19888474023494,0.11491442542787286,0.1148442272449603
184.19888474023494,0.11552567237163815,0.11545510079413561
185.42519554875736,0.11552567237163815,0.11545510079413561
185.42519554875736,0.11613691931540342,0.11606597434331094
185.93095728230514,0.11613691931540342,0.11606597434331094
185.93095728230514,0.1167481662591687,0.11667684789248625
186.71233762183897,0.1167481662591687,0.11667684789248625
186.71233762183897,0.11735941320293398,0.11728772144166158
187.23328243949112,0.11735941320293398,0.11728772144166158
187.23328243949112,0.11797066014669927,0.1178985949908369
188.08096301437962,0.11797066014669927,0.1178985949908369
188.08096301437962,0.11858190709046455,0.11850946854001222
189.67710650243384,0.11858190709046455,0.11850946854001222
189.67710650243384,0.11919315403422982,0.11912034208918754
192.80705634798215,0.11919315403422982,0.11912034208918754
192.80705634798215,0.1198044009779951,0.11973121563836286
193.61598015131705,0.1198044009779951,0.11973121563836286
193.61598015131705,0.12041564792176039,0.12034208918753818
194.0401451295968,0.12041564792176039,0.12034208918753818
194.0401451295968,0.12102689486552567,0.1209529627367135
194.5395867683315,0.12102689486552567,0.1209529627367135
194.5395867683315,0.12163814180929096,0.12156383628588882
195.009928775313,0.12163814180929096,0.12156383628588882
195.009928775313,0.12224938875305623,0.12217470983506414
196.94735368842052,0.12224938875305623,0.12217470983506414
196.94735368842052,0.12286063569682151,0.12278558338423946
197.81256579133617,0.12286063569682151,0.12278558338423946
197.81256579133617,0.1234718826405868,0.12339645693341478
201.2846274758208,0.1234718826405868,0.12339645693341478
201.2846274758208,0.12408312958435208,0.1240073304825901
201.78380205205735,0.12408312958435208,0.1240073304825901
201.78380205205735,0.12469437652811736,0.12461820403176542
203.11114083549487,0.12469437652811736,0.12461820403176542
203.11114083549487,0.12530562347188265,0.12522907758094073
204.95476095376756,0.12530562347188265,0.12522907758094073
204.95476095376756,0.12591687041564792,0.12583995113011606
205.4667076255745,0.12591687041564792,0.12583995113011606
205.4667076255745,0.1265281173594132,0.1264508246792914
206.01460853203145,0.1265281173594132,0.1264508246792914
206.01460853203145,0.1271393643031785,0.12706169822846672
206.97662844141848,0.1271393643031785,0.12706169822846672
206.97662844141848,0.12775061124694376,0.12767257177764202
208.00125341624624,0.12775061124694376,0.12767257177764202
208.00125341624624,0.12836185819070906,0.12828344532681735
208.72456514963602,0.12836185819070906,0.12828344532681735
208.72456514963602,0.12897310513447433,0.12889431887599268
210.57664613141526,0.12897310513447433,0.12889431887599268
210.57664613141526,0.1295843520782396,0.129505192425168
211.47082082806656,0.1295843520782396,0.129505192425168
211.47082082806656,0.1301955990220049,0.1301160659743433
211.80287060034948,0.1301955990220049,0.1301160659743433
211.80287060034948,0.13080684596577016,0.13072693952351863
212.1077002473731,0.13080684596577016,0.13072693952351863
212.1077002473731,0.13141809290953546,0.13133781307269396
214.64603078563246,0.13141809290953546,0.13133781307269396
214.64603078563246,0.13202933985330073,0.13194868662186926
214.8415538617998,0.13202933985330073,0.13194868662186926
214.8415538617998,0.132640586797066,0.1325595601710446
215.10721325675382,0.132640586797066,0.1325595601710446
215.10721325675382,0.1332518337408313,0.13317043372021992
215.80063389174137,0.1332518337408313,0.13317043372021992
215.80063389174137,0.13386308068459657,0.13378130726939524
224.44802017593042,0.13386308068459657,0.13378130726939524
224.44802017593042,0.13447432762836187,0.13439218081857054
224.7976347438542,0.13447432762836187,0.13439218081857054
224.7976347438542,0.13508557457212714,0.13500305436774587
227.58403726949535,0.13508557457212714,0.13500305436774587
227.58403726949535,0.1356968215158924,0.1356139279169212
229.07027719753984,0.1356968215158924,0.1356139279169212
229.07027719753984,0.1363080684596577,0.13622480146609653
229.85663320927466,0.1363080684596577,0.13622480146609653
229.85663320927466,0.13691931540342298,0.13683567501527183
232.23155604819522,0.13691931540342298,0.13683567501527183
232.23155604819522,0.13753056234718827,0.13744654856444716
233.62440136403077,0.13753056234718827,0.13744654856444716
233.62440136403077,0.13814180929095354,0.13805742211362249
234.30130530544,0.13814180929095354,0.13805742211362249
234.30130530544,0.1387530562347188,0.1386682956627978
236.02533056132864,0.1387530562347188,0.1386682956627978
236.02533056132864,0.1393643031784841,0.13927916921197311
236.80185015597658,0.1393643031784841,0.13927916921197311
236.80185015597658,0.13997555012224938,0.13989004276114844
237.1895551559956,0.13997555012224938,0.13989004276114844
237.1895551559956,0.14058679706601468,0.14050091631032377
237.8383375440783,0.14058679706601468,0.14050091631032377
237.8383375440783,0.14119804400977995,0.14111178985949907
239.08347346692122,0.14119804400977995,0.14111178985949907
239.08347346692122,0.14180929095354522,0.1417226634086744
239.41115936089687,0.14180929095354522,0.1417226634086744
239.41115936089687,0.14242053789731052,0.14233353695784973
239.84724646655235,0.14242053789731052,0.14233353695784973
239.84724646655235,0.1430317848410758,0.14294441050702505
240.3375143182907,0.1430317848410758,0.14294441050702505
240.3375143182907,0.14364303178484109,0.14355528405620036
240.7226555126221,0.14364303178484109,0.14355528405620036
240.7226555126221,0.14425427872860636,0.14416615760537568
242.36250620746,0.14425427872860636,0.14416615760537568
242.36250620746,0.14486552567237163,0.144777031154551
243.37872770889237,0.14486552567237163,0.144777031154551
243.37872770889237,0.14547677261613692,0.14538790470372634
244.22058744021712,0.14547677261613692,0.14538790470372634
244.22058744021712,0.1460880195599022,0.14599877825290164
245.90174145964573,0.1460880195599022,0.14599877825290164
245.90174145964573,0.1466992665036675,0.14660965180207697
246.8578937759591,0.1466992665036675,0.14660965180207697
246.8578937759591,0.14731051344743276,0.1472205253512523
250.52207703794244,0.14731051344743276,0.1472205253512523
250.52207703794244,0.14792176039119803,0.14783139890042762
251.16764770857225,0.14792176039119803,0.14783139890042762
251.16764770857225,0.14853300733496333,0.14844227244960292
258.5490708199858,0.14853300733496333,0.14844227244960292
258.5490708199858,0.1491442542787286,0.14905314599877825
258.9504158183887,0.1491442542787286,0.14905314599877825
258.9504158183887,0.1497555012224939,0.14966401954795358
260.7825650290914,0.1497555012224939,0.14966401954795358
260.7825650290914,0.15036674816625917,0.15027489309712888
261.3297673544792,0.15036674816625917,0.15027489309712888
261.3297673544792,0.15097799511002444,0.1508857666463042
261.93512556093094,0.15097799511002444,0.1508857666463042
261.93512556093094,0.15158924205378974,0.15149664019547954
262.5816958994096,0.15158924205378974,0.15149664019547954
262.5816958994096,0.152200488997555,0.15210751374465487
263.14948367128886,0.152200488997555,0.15210751374465487
263.14948367128886,0.1528117359413203,0.15271838729383017
263.4368779493585,0.1528117359413203,0.15271838729383017
263.4368779493585,0.15342298288508557,0.1533292608430055
264.4877278961554,0.15342298288508557,0.1533292608430055
264.4877278961554,0.15403422982885084,0.15394013439218082
265.19854423832265,0.15403422982885084,0.15394013439218082
265.19854423832265,0.15464547677261614,0.15455100794135615
265.81191960046885,0.15464547677261614,0.15455100794135615
265.81191960046885,0.1552567237163814,0.15516188149053145
266.7090466007263,0.1552567237163814,0.15516188149053145
266.7090466007263,0.1558679706601467,0.15577275503970678
267.2652309947085,0.1558679706601467,0.15577275503970678
267.2652309947085,0.15647921760391198,0.1563836285888821
269.26274663903973,0.15647921760391198,0.1563836285888821
269.26274663903973,0.15709046454767725,0.15699450213805743
270.9371251261825,0.15709046454767725,0.15699450213805743
270.9371251261825,0.15770171149144255,0.15760537568723273
273.40798350297285,0.15770171149144255,0.15760537568723273
273.40798350297285,0.15831295843520782,0.15821624923640806
274.9263893927821,0.15831295843520782,0.15821624923640806
274.9263893927821,0.15892420537897312,0.1588271227855834
275.1206377833414,0.15892420537897312,0.1588271227855834
275.1206377833414,0.15953545232273839,0.1594379963347587
275.76423415064875,0.15953545232273839,0.1594379963347587
275.76423415064875,0.16014669926650366,0.16004886988393402
276.10691211250327,0.16014669926650366,0.16004886988393402
276.10691211250327,0.16075794621026895,0.16065974343310935
276.6001726168678,0.16075794621026895,0.16065974343310935
276.6001726168678,0.16136919315403422,0.16127061698228468
276.94708773700745,0.16136919315403422,0.16127061698228468
276.94708773700745,0.16198044009779952,0.16188149053145998
277.5558076584308,0.16198044009779952,0.16188149053145998
277.5558076584308,0.1625916870415648,0.1624923640806353
278.5511702922963,0.1625916870415648,0.1624923640806353
278.5511702922963,0.16320293398533006,0.16310323762981063
278.8956760610497,0.16320293398533006,0.16310323762981063
278.8956760610497,0.16381418092909536,0.16371411117898596
280.42351717887755,0.16381418092909536,0.16371411117898596
280.42351717887755,0.16442542787286063,0.16432498472816126
280.7897705564386,0.16442542787286063,0.16432498472816126
280.7897705564386,0.16503667481662593,0.1649358582773366
281.2991193848039,0.16503667481662593,0.1649358582773366
281.2991193848039,0.1656479217603912,0.16554673182651192
281.6854367881032,0.1656479217603912,0.16554673182651192
281.6854367881032,0.16625916870415647,0.16615760537568725
281.9200885674865,0.16625916870415647,0.16615760537568725
281.9200885674865,0.16687041564792177,0.16676847892486255
282.42636238829255,0.16687041564792177,0.16676847892486255
282.42636238829255,0.16748166259168704,0.16737935247403787
282.8449445318439,0.16748166259168704,0.16737935247403787
282.8449445318439,0.16809290953545233,0.1679902260232132
283.64238625770236,0.16809290953545233,0.1679902260232132
283.64238625770236,0.1687041564792176,0.1686010995723885
285.3455547176689,0.1687041564792176,0.1686010995723885
285.3455547176689,0.16931540342298287,0.16921197312156383
286.8847833454744,0.16931540342298287,0.16921197312156383
286.8847833454744,0.16992665036674817,0.16982284667073916
287.68845398403766,0.16992665036674817,0.16982284667073916
287.68845398403766,0.17053789731051344,0.1704337202199145
288.3825934223379,0.17053789731051344,0.1704337202199145
288.3825934223379,0.17114914425427874,0.1710445937690898
288.82980570076177,0.17114914425427874,0.1710445937690898
288.82980570076177,0.171760391198044,0.17165546731826511
291.00841864569054,0.171760391198044,0.17165546731826511
291.00841864569054,0.17237163814180928,0.17226634086744044
292.0674553070682,0.17237163814180928,0.17226634086744044
292.0674553070682,0.17298288508557458,0.17287721441661577
292.9907760584671,0.17298288508557458,0.17287721441661577
292.9907760584671,0.17359413202933985,0.17348808796579107
293.6334603667549,0.17359413202933985,0.17348808796579107
293.6334603667549,0.17420537897310515,0.1740989615149664
294.3077801047272,0.17420537897310515,0.1740989615149664
294.3077801047272,0.17481662591687042,0.17470983506414173
297.33155670856206,0.17481662591687042,0.17470983506414173
297.33155670856206,0.1754278728606357,0.17532070861331706
297.7619534524465,0.1754278728606357,0.17532070861331706
297.7619534524465,0.17603911980440098,0.17593158216249236
299.9736371880193,0.17603911980440098,0.17593158216249236
299.9736371880193,0.17665036674816625,0.17654245571166768
301.87832600951776,0.17665036674816625,0.17654245571166768
301.87832600951776,0.17726161369193155,0.177153329260843
303.96963605980324,0.17726161369193155,0.177153329260843
303.96963605980324,0.17787286063569682,0.1777642028100183
304.69027057086737,0.17787286063569682,0.1777642028100183
304.69027057086737,0.1784841075794621,0.17837507635919364
305.1732143803024,0.1784841075794621,0.17837507635919364
305.1732143803024,0.1790953545232274,0.17898594990836897
305.653745431765,0.1790953545232274,0.17898594990836897
305.653745431765,0.17970660146699266,0.1795968234575443
306.4023244829385,0.17970660146699266,0.1795968234575443
306.4023244829385,0.18031784841075796,0.1802076970067196
307.2994926983065,0.18031784841075796,0.1802076970067196
307.2994926983065,0.18092909535452323,0.18081857055589493
307.9665459619799,0.18092909535452323,0.18081857055589493
307.9665459619799,0.1815403422982885,0.18142944410507025
308.34035210553293,0.1815403422982885,0.18142944410507025
308.34035210553293,0.1821515892420538,0.18204031765424558
308.8535206021642,0.1821515892420538,0.18204031765424558
308.8535206021642,0.18276283618581907,0.18265119120342088
309.42203881427844,0.18276283618581907,0.18265119120342088
309.42203881427844,0.18337408312958436,0.1832620647525962
310.2414236022529,0.18337408312958436,0.1832620647525962
310.2414236022529,0.18398533007334963,0.18387293830177154
310.93414446368024,0.18398533007334963,0.18387293830177154
310.93414446368024,0.1845965770171149,0.18448381185094687
311.5014759915209,0.1845965770171149,0.18448381185094687
311.5014759915209,0.1852078239608802,0.18509468540012217
311.7809908780249,0.1852078239608802,0.18509468540012217
311.7809908780249,0.18581907090464547,0.1857055589492975
312.40069210481363,0.18581907090464547,0.1857055589492975
312.40069210481363,0.18643031784841077,0.18631643249847282
313.5197235478766,0.18643031784841077,0.18631643249847282
313.5197235478766,0.18704156479217604,0.18692730604764812
314.1152353274272,0.18704156479217604,0.18692730604764812
314.1152353274272,0.1876528117359413,0.18753817959682345
315.07203108134297,0.1876528117359413,0.18753817959682345
315.07203108134297,0.1882640586797066,0.18814905314599878
315.7669419387538,0.1882640586797066,0.18814905314599878
315.7669419387538,0.18887530562347188,0.1887599266951741
316.49144876983974,0.18887530562347188,0.1887599266951741
316.49144876983974,0.18948655256723718,0.1893708002443494
317.597901351299,0.18948655256723718,0.1893708002443494
317.597901351299,0.19009779951100245,0.18998167379352474
318.7354398011498,0.19009779951100245,0.18998167379352474
318.7354398011498,0.19070904645476772,0.19059254734270006
319.9693183207197,0.19070904645476772,0.19059254734270006
319.9693183207197,0.19132029339853301,0.1912034208918754
322.16831493295155,0.19132029339853301,0.1912034208918754
322.16831493295155,0.19193154034229828,0.1918142944410507
323.1545048208388,0.19193154034229828,0.1918142944410507
323.1545048208388,0.19254278728606358,0.19242516799022602
327.5138521024614,0.19254278728606358,0.19242516799022602
327.5138521024614,0.19315403422982885,0.19303604153940135
328.203816588186,0.19315403422982885,0.19303604153940135
328.203816588186,0.19376528117359412,0.19364691508857668
329.4865518302265,0.19376528117359412,0.19364691508857668
329.4865518302265,0.19437652811735942,0.19425778863775198
330.9723212461455,0.19437652811735942,0.19425778863775198
330.9723212461455,0.1949877750611247,0.1948686621869273
331.30362732501044,0.1949877750611247,0.1948686621869273
331.30362732501044,0.19559902200489,0.19547953573610263
332.24815116502106,0.19559902200489,0.19547953573610263
332.24815116502106,0.19621026894865526,0.19609040928527796
332.7306520926156,0.19621026894865526,0.19609040928527796
332.7306520926156,0.19682151589242053,0.19670128283445326
333.5206985684921,0.19682151589242053,0.19670128283445326
333.5206985684921,0.19743276283618583,0.1973121563836286
335.08847541113283,0.19743276283618583,0.1973121563836286
335.08847541113283,0.1980440097799511,0.19792302993280392
335.94459058184793,0.1980440097799511,0.19792302993280392
335.94459058184793,0.1986552567237164,0.19853390348197922
336.2839166236703,0.1986552567237164,0.19853390348197922
336.2839166236703,0.19926650366748166,0.19914477703115455
336.6359778443131,0.19926650366748166,0.19914477703115455
336.6359778443131,0.19987775061124693,0.19975565058032987
336.9577720217584,0.19987775061124693,0.19975565058032987
336.9577720217584,0.20048899755501223,0.2003665241295052
337.40025129912186,0.20048899755501223,0.2003665241295052
337.40025129912186,0.2011002444987775,0.2009773976786805
338.2313043562664,0.2011002444987775,0.2009773976786805
338.2313043562664,0.2017114914425428,0.20158827122785583
338.5969095605669,0.2017114914425428,0.20158827122785583
338.5969095605669,0.20232273838630807,0.20219914477703116
339.36421895992925,0.20232273838630807,0.20219914477703116
339.36421895992925,0.20293398533007334,0.2028100183262065
341.9209763750681,0.20293398533007334,0.2028100183262065
341.9209763750681,0.20354523227383864,0.2034208918753818
343.30843613083766,0.20354523227383864,0.2034208918753818
343.30843613083766,0.2041564792176039,0.20403176542455712
344.12310380035143,0.2041564792176039,0.20403176542455712
344.12310380035143,0.2047677261613692,0.20464263897373244
344.8208710524683,0.2047677261613692,0.20464263897373244
344.8208710524683,0.20537897310513448,0.20525351252290777
347.0986090845019,0.20537897310513448,0.20525351252290777
347.0986090845019,0.20599022004889975,0.20586438607208307
349.0892234860011,0.20599022004889975,0.20586438607208307
349.0892234860011,0.20660146699266504,0.2064752596212584
349.5504120896269,0.20660146699266504,0.2064752596212584
349.5504120896269,0.20721271393643031,0.20708613317043373
351.54941751619424,0.20721271393643031,0.20708613317043373
351.54941751619424,0.2078239608801956,0.20769700671960903
352.48483601872147,0.2078239608801956,0.20769700671960903
352.48483601872147,0.20843520782396088,0.20830788026878436
353.1511171121824,0.20843520782396088,0.20830788026878436
353.1511171121824,0.20904645476772615,0.20891875381795968
354.9810665463276,0.20904645476772615,0.20891875381795968
354.9810665463276,0.20965770171149145,0.209529627367135
356.1475239424577,0.20965770171149145,0.209529627367135
356.1475239424577,0.21026894865525672,0.2101405009163103
356.80391568548015,0.21026894865525672,0.2101405009163103
356.80391568548015,0.210880195599022,0.21075137446548564
357.4195566976356,0.210880195599022,0.21075137446548564
357.4195566976356,0.2114914425427873,0.21136224801466097
358.33872238595296,0.2114914425427873,0.21136224801466097
358.33872238595296,0.21210268948655256,0.2119731215638363
359.32222610882377,0.21210268948655256,0.2119731215638363
359.32222610882377,0.21271393643031786,0.2125839951130116
361.87498207330026,0.21271393643031786,0.2125839951130116
361.87498207330026,0.21332518337408313,0.21319486866218693
365.0258342622202,0.21332518337408313,0.21319486866218693
365.0258342622202,0.2139364303178484,0.21380574221136225
367.63320981795596,0.2139364303178484,0.21380574221136225
367.63320981795596,0.2145476772616137,0.21441661576053758
367.9246245967703,0.2145476772616137,0.21441661576053758
367.9246245967703,0.21515892420537897,0.21502748930971288
368.4008932128667,0.21515892420537897,0.21502748930971288
368.4008932128667,0.21577017114914426,0.2156383628588882
369.20916927613536,0.21577017114914426,0.2156383628588882
369.20916927613536,0.21638141809290953,0.21624923640806354
369.37358839454083,0.21638141809290953,0.21624923640806354
369.37358839454083,0.2169926650366748,0.21686010995723884
369.6040702813691,0.2169926650366748,0.21686010995723884
369.6040702813691,0.2176039119804401,0.21747098350641417
370.08309368320795,0.2176039119804401,0.21747098350641417
370.08309368320795,0.21821515892420537,0.2180818570555895
370.6370789454413,0.21821515892420537,0.2180818570555895
370.6370789454413,0.21882640586797067,0.21869273060476482
371.69394409564103,0.21882640586797067,0.21869273060476482
371.69394409564103,0.21943765281173594,0.21930360415394012
373.0256615054908,0.21943765281173594,0.21930360415394012
373.0256615054908,0.2200488997555012,0.21991447770311545
375.88126142565955,0.2200488997555012,0.21991447770311545
375.88126142565955,0.2206601466992665,0.22052535125229078
376.08933499287264,0.2206601466992665,0.22052535125229078
376.08933499287264,0.22127139364303178,0.2211362248014661
376.2877318914028,0.22127139364303178,0.2211362248014661
376.2877318914028,0.22188264058679708,0.2217470983506414
376.6595308191927,0.22188264058679708,0.2217470983506414
376.6595308191927,0.22249388753056235,0.22235797189981674
376.8740642746661,0.22249388753056235,0.22235797189981674
376.8740642746661,0.22310513447432762,0.22296884544899206
377.2519309941432,0.22310513447432762,0.22296884544899206
377.2519309941432,0.2237163814180929,0.2235797189981674
377.7312412003537,0.2237163814180929,0.2235797189981674
377.7312412003537,0.22432762836185818,0.2241905925473427
378.2673136986608,0.22432762836185818,0.2241905925473427
378.2673136986608,0.22493887530562348,0.22480146609651802
378.43523078205635,0.22493887530562348,0.22480146609651802
378.43523078205635,0.22555012224938875,0.22541233964569335
378.9287236541473,0.22555012224938875,0.22541233964569335
378.9287236541473,0.22616136919315402,0.22602321319486865
379.23191676161804,0.22616136919315402,0.22602321319486865
379.23191676161804,0.22677261613691932,0.22663408674404398
379.38841077744354,0.22677261613691932,0.22663408674404398
379.38841077744354,0.2273838630806846,0.2272449602932193
380.26191194227715,0.2273838630806846,0.2272449602932193
380.26191194227715,0.2279951100244499,0.22785583384239463
380.60942529310614,0.2279951100244499,0.22785583384239463
380.60942529310614,0.22860635696821516,0.22846670739156993
381.70839353176456,0.22860635696821516,0.22846670739156993
381.70839353176456,0.22921760391198043,0.22907758094074526
383.09389462445574,0.22921760391198043,0.22907758094074526
383.09389462445574,0.22982885085574573,0.2296884544899206
384.29026358438796,0.22982885085574573,0.2296884544899206
384.29026358438796,0.230440097799511,0.23029932803909592
386.58605983408495,0.230440097799511,0.23029932803909592
386.58605983408495,0.2310513447432763,0.23091020158827122
387.64968666118216,0.2310513447432763,0.23091020158827122
387.64968666118216,0.23166259168704156,0.23152107513744655
389.1206757451805,0.23166259168704156,0.23152107513744655
389.1206757451805,0.23227383863080683,0.23213194868662188
389.85967870325396,0.23227383863080683,0.23213194868662188
389.85967870325396,0.23288508557457213,0.2327428222357972
390.62754079495227,0.23288508557457213,0.2327428222357972
390.62754079495227,0.2334963325183374,0.2333536957849725
391.5560465635779,0.2334963325183374,0.2333536957849725
391.5560465635779,0.2341075794621027,0.23396456933414783
392.0594521977052,0.2341075794621027,0.23396456933414783
392.0594521977052,0.23471882640586797,0.23457544288332316
394.0110823334849,0.23471882640586797,0.23457544288332316
394.0110823334849,0.23533007334963324,0.23518631643249846
394.97009390759865,0.23533007334963324,0.23518631643249846
394.97009390759865,0.23594132029339854,0.2357971899816738
395.7360738828561,0.23594132029339854,0.2357971899816738
395.7360738828561,0.2365525672371638,0.23640806353084912
396.97796046351664,0.2365525672371638,0.23640806353084912
396.97796046351664,0.2371638141809291,0.23701893708002444
397.5242219145696,0.2371638141809291,0.23701893708002444
397.5242219145696,0.23777506112469438,0.23762981062919974
398.38676942892687,0.23777506112469438,0.23762981062919974
398.38676942892687,0.23838630806845965,0.23824068417837507
398.81351158608254,0.23838630806845965,0.23824068417837507
398.81351158608254,0.23899755501222494,0.2388515577275504
399.22864992752534,0.23899755501222494,0.2388515577275504
399.22864992752534,0.2396088019559902,0.23946243127672573
399.79411283512604,0.2396088019559902,0.23946243127672573
399.79411283512604,0.2402200488997555,0.24007330482590103
400.2742741702749,0.2402200488997555,0.24007330482590103
400.2742741702749,0.24083129584352078,0.24068417837507636
400.76412810448244,0.24083129584352078,0.24068417837507636
400.76412810448244,0.24144254278728605,0.24129505192425169
401.26320192411464,0.24144254278728605,0.24129505192425169
401.26320192411464,0.24205378973105135,0.241905925473427
402.6506623300108,0.24205378973105135,0.241905925473427
402.6506623300108,0.24266503667481662,0.24251679902260231
403.0460539163099,0.24266503667481662,0.24251679902260231
403.0460539163099,0.24327628361858192,0.24312767257177764
405.4605755693791,0.24327628361858192,0.24312767257177764
405.4605755693791,0.2438875305623472,0.24373854612095297
405.6010506454901,0.2438875305623472,0.24373854612095297
405.6010506454901,0.24449877750611246,0.24434941967012827
405.8681152892355,0.24449877750611246,0.24434941967012827
405.8681152892355,0.24511002444987776,0.2449602932193036
406.26747996563256,0.24511002444987776,0.2449602932193036
406.26747996563256,0.24572127139364303,0.24557116676847893
407.1249434019031,0.24572127139364303,0.24557116676847893
407.1249434019031,0.24633251833740832,0.24618204031765425
408.0541884566915,0.24633251833740832,0.24618204031765425
408.0541884566915,0.2469437652811736,0.24679291386682956
408.55945270829443,0.2469437652811736,0.24679291386682956
408.55945270829443,0.24755501222493886,0.24740378741600488
408.9715942471437,0.24755501222493886,0.24740378741600488
408.9715942471437,0.24816625916870416,0.2480146609651802
409.3403644390787,0.24816625916870416,0.2480146609651802
409.3403644390787,0.24877750611246943,0.24862553451435554
410.06088599831764,0.24877750611246943,0.24862553451435554
410.06088599831764,0.24938875305623473,0.24923640806353084
410.7312115911801,0.24938875305623473,0.24923640806353084
410.7312115911801,0.25,0.24984728161270617
411.057923317389,0.25,0.24984728161270617
411.057923317389,0.2506112469437653,0.25045815516188147
411.42000623565303,0.2506112469437653,0.25045815516188147
411.42000623565303,0.25122249388753054,0.2510690287110568
412.50783946008494,0.25122249388753054,0.2510690287110568
412.50783946008494,0.25183374083129584,0.2516799022602321
413.65716098475343,0.25183374083129584,0.2516799022602321
413.65716098475343,0.25244498777506114,0.25229077580940745
414.5219776666596,0.25244498777506114,0.25229077580940745
414.5219776666596,0.2530562347188264,0.2529016493585828
415.7985150631507,0.2530562347188264,0.2529016493585828
415.7985150631507,0.2536674816625917,0.2535125229077581
417.5858194740197,0.2536674816625917,0.2535125229077581
417.5858194740197,0.254278728606357,0.25412339645693344
418.64837962394654,0.254278728606357,0.25412339645693344
418.64837962394654,0.25488997555012227,0.2547342700061087
419.65053545122197,0.25488997555012227,0.2547342700061087
419.65053545122197,0.2555012224938875,0.25534514355528404
420.35890694811144,0.2555012224938875,0.25534514355528404
420.35890694811144,0.2561124694376528,0.25595601710445937
421.28800047607183,0.2561124694376528,0.25595601710445937
421.28800047607183,0.2567237163814181,0.2565668906536347
421.9738863885052,0.2567237163814181,0.2565668906536347
421.9738863885052,0.25733496332518335,0.25717776420281
422.95373803180433,0.25733496332518335,0.25717776420281
422.95373803180433,0.25794621026894865,0.25778863775198535
423.54350678642106,0.25794621026894865,0.25778863775198535
423.54350678642106,0.25855745721271395,0.2583995113011607
424.5526645985108,0.25855745721271395,0.2583995113011607
424.5526645985108,0.2591687041564792,0.259010384850336
425.07170969834516,0.2591687041564792,0.259010384850336
425.07170969834516,0.2597799511002445,0.2596212583995113
426.13635517975865,0.2597799511002445,0.2596212583995113
426.13635517975865,0.2603911980440098,0.2602321319486866
427.11646958681143,0.2603911980440098,0.2602321319486866
427.11646958681143,0.2610024449877751,0.26084300549786194
428.3942933859544,0.2610024449877751,0.26084300549786194
428.3942933859544,0.2616136919315403,0.26145387904703726
429.59794341516545,0.2616136919315403,0.26145387904703726
429.59794341516545,0.2622249388753056,0.2620647525962126
430.1408172732152,0.2622249388753056,0.2620647525962126
430.1408172732152,0.2628361858190709,0.2626756261453879
430.5745261871772,0.2628361858190709,0.2626756261453879
430.5745261871772,0.26344743276283616,0.26328649969456325
430.8714120011001,0.26344743276283616,0.26328649969456325
430.8714120011001,0.26405867970660146,0.2638973732437385
431.69952772841293,0.26405867970660146,0.2638973732437385
431.69952772841293,0.26466992665036676,0.26450824679291385
432.03016506188953,0.26466992665036676,0.26450824679291385
432.03016506188953,0.265281173594132,0.2651191203420892
432.26571712855156,0.265281173594132,0.2651191203420892
432.26571712855156,0.2658924205378973,0.2657299938912645
432.5351676033182,0.2658924205378973,0.2657299938912645
432.5351676033182,0.2665036674816626,0.26634086744043983
433.0576030889755,0.2665036674816626,0.26634086744043983
433.0576030889755,0.2671149144254279,0.26695174098961516
434.4713276425997,0.2671149144254279,0.26695174098961516
434.4713276425997,0.26772616136919314,0.2675626145387905
434.90314720003914,0.26772616136919314,0.2675626145387905
434.90314720003914,0.26833740831295844,0.2681734880879658
435.261240794762,0.26833740831295844,0.2681734880879658
435.261240794762,0.26894865525672373,0.2687843616371411
435.71050971239185,0.26894865525672373,0.2687843616371411
435.71050971239185,0.269559902200489,0.2693952351863164
436.05393868253077,0.269559902200489,0.2693952351863164
436.05393868253077,0.2701711491442543,0.27000610873549175
436.49130898248643,0.2701711491442543,0.27000610873549175
436.49130898248643,0.2707823960880196,0.2706169822846671
437.05223240292077,0.2707823960880196,0.2706169822846671
437.05223240292077,0.2713936430317848,0.2712278558338424
438.053229732592,0.2713936430317848,0.2712278558338424
438.053229732592,0.2720048899755501,0.27183872938301773
438.9271993216169,0.2720048899755501,0.27183872938301773
438.9271993216169,0.2726161369193154,0.27244960293219306
439.7668497295174,0.2726161369193154,0.27244960293219306
439.7668497295174,0.2732273838630807,0.27306047648136833
440.77058665428217,0.2732273838630807,0.27306047648136833
440.77058665428217,0.27383863080684595,0.27367135003054366
441.4834484783923,0.27383863080684595,0.27367135003054366
441.4834484783923,0.27444987775061125,0.274282223579719
441.8010441210327,0.27444987775061125,0.274282223579719
441.8010441210327,0.27506112469437655,0.2748930971288943
442.5310316022899,0.27506112469437655,0.2748930971288943
442.5310316022899,0.2756723716381418,0.27550397067806964
444.2381602043621,0.2756723716381418,0.27550397067806964
444.2381602043621,0.2762836185819071,0.27611484422724497
444.7412028771713,0.2762836185819071,0.27611484422724497
444.7412028771713,0.2768948655256724,0.2767257177764203
445.16699435461146,0.2768948655256724,0.2767257177764203
445.16699435461146,0.2775061124694376,0.2773365913255956
446.3825421661276,0.2775061124694376,0.2773365913255956
446.3825421661276,0.2781173594132029,0.2779474648747709
447.3544211126957,0.2781173594132029,0.2779474648747709
447.3544211126957,0.2787286063569682,0.27855833842394623
448.04617478363787,0.2787286063569682,0.27855833842394623
448.04617478363787,0.2793398533007335,0.27916921197312156
448.46589658233574,0.2793398533007335,0.27916921197312156
448.46589658233574,0.27995110024449876,0.2797800855222969
449.08917227315226,0.27995110024449876,0.2797800855222969
449.08917227315226,0.28056234718826406,0.2803909590714722
449.8284741806918,0.28056234718826406,0.2803909590714722
449.8284741806918,0.28117359413202936,0.28100183262064754
450.4843184465146,0.28117359413202936,0.28100183262064754
450.4843184465146,0.2817848410757946,0.28161270616982287
451.6433294127064,0.2817848410757946,0.28161270616982287
451.6433294127064,0.2823960880195599,0.28222357971899814
452.0107958764037,0.2823960880195599,0.28222357971899814
452.0107958764037,0.2830073349633252,0.28283445326817347
454.488974352721,0.2830073349633252,0.28283445326817347
454.488974352721,0.28361858190709044,0.2834453268173488
454.88388810065544,0.28361858190709044,0.2834453268173488
454.88388810065544,0.28422982885085574,0.2840562003665241
455.3668089545006,0.28422982885085574,0.2840562003665241
455.3668089545006,0.28484107579462103,0.28466707391569945
456.92809454367375,0.28484107579462103,0.28466707391569945
456.92809454367375,0.28545232273838633,0.2852779474648748
457.6808925378085,0.28545232273838633,0.2852779474648748
457.6808925378085,0.2860635696821516,0.2858888210140501
459.523731237737,0.2860635696821516,0.2858888210140501
459.523731237737,0.2866748166259169,0.28649969456322544
460.3347795147007,0.2866748166259169,0.28649969456322544
460.3347795147007,0.28728606356968217,0.2871105681124007
462.1982027202871,0.28728606356968217,0.2871105681124007
462.1982027202871,0.2878973105134474,0.28772144166157604
462.80728459490786,0.2878973105134474,0.28772144166157604
462.80728459490786,0.2885085574572127,0.28833231521075137
463.8632693980678,0.2885085574572127,0.28833231521075137
463.8632693980678,0.289119804400978,0.2889431887599267
464.9988933521977,0.289119804400978,0.2889431887599267
464.9988933521977,0.28973105134474325,0.289554062309102
465.5792456860504,0.28973105134474325,0.289554062309102
465.5792456860504,0.29034229828850855,0.29016493585827735
465.93539316926365,0.29034229828850855,0.29016493585827735
465.93539316926365,0.29095354523227385,0.2907758094074527
467.6052592647387,0.29095354523227385,0.2907758094074527
467.6052592647387,0.29156479217603914,0.29138668295662795
468.39001371412655,0.29156479217603914,0.29138668295662795
468.39001371412655,0.2921760391198044,0.2919975565058033
469.3145571192889,0.2921760391198044,0.2919975565058033
469.3145571192889,0.2927872860635697,0.2926084300549786
469.5028849991968,0.2927872860635697,0.2926084300549786
469.5028849991968,0.293398533007335,0.29321930360415394
469.7467899270175,0.293398533007335,0.29321930360415394
469.7467899270175,0.2940097799511002,0.29383017715332926
470.9724572473151,0.2940097799511002,0.29383017715332926
470.9724572473151,0.2946210268948655,0.2944410507025046
471.6308387605578,0.2946210268948655,0.2944410507025046
471.6308387605578,0.2952322738386308,0.2950519242516799
472.1012223600145,0.2952322738386308,0.2950519242516799
472.1012223600145,0.29584352078239606,0.29566279780085525
473.1929329097278,0.29584352078239606,0.29566279780085525
473.1929329097278,0.29645476772616136,0.2962736713500305
476.60425961691453,0.29645476772616136,0.2962736713500305
476.60425961691453,0.29706601466992666,0.29688454489920585
479.72533980765945,0.29706601466992666,0.29688454489920585
479.72533980765945,0.29767726161369196,0.2974954184483812
480.15259149312396,0.29767726161369196,0.2974954184483812
480.15259149312396,0.2982885085574572,0.2981062919975565
481.951870237717,0.2982885085574572,0.2981062919975565
481.951870237717,0.2988997555012225,0.29871716554673183
483.21857723013886,0.2988997555012225,0.29871716554673183
483.21857723013886,0.2995110024449878,0.29932803909590716
485.13532973431404,0.2995110024449878,0.29932803909590716
485.13532973431404,0.30012224938875304,0.2999389126450825
486.02836103838627,0.30012224938875304,0.2999389126450825
486.02836103838627,0.30073349633251834,0.30054978619425776
488.0384810860906,0.30073349633251834,0.30054978619425776
488.0384810860906,0.30134474327628363,0.3011606597434331
488.48765617366786,0.30134474327628363,0.3011606597434331
488.48765617366786,0.3019559902200489,0.3017715332926084
489.2103607312026,0.3019559902200489,0.3017715332926084
489.2103607312026,0.3025672371638142,0.30238240684178375
489.4597743516777,0.3025672371638142,0.30238240684178375
489.4597743516777,0.30317848410757947,0.3029932803909591
489.6805652733532,0.30317848410757947,0.3029932803909591
489.6805652733532,0.30378973105134477,0.3036041539401344
490.220671668514,0.30378973105134477,0.3036041539401344
490.220671668514,0.30440097799511,0.30421502748930973
490.7527714558619,0.30440097799511,0.30421502748930973
490.7527714558619,0.3050122249388753,0.30482590103848506
491.0379148490697,0.3050122249388753,0.30482590103848506
491.0379148490697,0.3056234718826406,0.30543677458766033
492.0830082522151,0.3056234718826406,0.30543677458766033
492.0830082522151,0.30623471882640585,0.30604764813683566
493.0349132648017,0.30623471882640585,0.30604764813683566
493.0349132648017,0.30684596577017115,0.306658521686011
494.3473688298616,0.30684596577017115,0.306658521686011
494.3473688298616,0.30745721271393645,0.3072693952351863
494.98069504189465,0.30745721271393645,0.3072693952351863
494.98069504189465,0.3080684596577017,0.30788026878436164
496.26647180622075,0.3080684596577017,0.30788026878436164
496.26647180622075,0.308679706601467,0.30849114233353697
497.0684132335755,0.308679706601467,0.30849114233353697
497.0684132335755,0.3092909535452323,0.3091020158827123
498.0673710431791,0.3092909535452323,0.3091020158827123
498.0673710431791,0.3099022004889976,0.3097128894318876
498.5721657784127,0.3099022004889976,0.3097128894318876
498.5721657784127,0.3105134474327628,0.3103237629810629
498.86587262133116,0.3105134474327628,0.3103237629810629
498.86587262133116,0.3111246943765281,0.31093463653023823
501.32597539179784,0.3111246943765281,0.31093463653023823
501.32597539179784,0.3117359413202934,0.31154551007941356
503.2355006888173,0.3117359413202934,0.31154551007941356
503.2355006888173,0.31234718826405866,0.3121563836285889
503.5016500813041,0.31234718826405866,0.3121563836285889
503.5016500813041,0.31295843520782396,0.3127672571777642
503.946764844717,0.31295843520782396,0.3127672571777642
503.946764844717,0.31356968215158926,0.31337813072693954
505.10073607260165,0.31356968215158926,0.31337813072693954
505.10073607260165,0.3141809290953545,0.31398900427611487
505.7019198518207,0.3141809290953545,0.31398900427611487
505.7019198518207,0.3147921760391198,0.31459987782529014
506.27133930508035,0.3147921760391198,0.31459987782529014
506.27133930508035,0.3154034229828851,0.31521075137446547
506.8957509971206,0.3154034229828851,0.31521075137446547
506.8957509971206,0.3160146699266504,0.3158216249236408
507.37345011429204,0.3160146699266504,0.3158216249236408
507.37345011429204,0.31662591687041564,0.3164324984728161
507.7237777358513,0.31662591687041564,0.3164324984728161
507.7237777358513,0.31723716381418093,0.31704337202199145
508.2262872772217,0.31723716381418093,0.31704337202199145
508.2262872772217,0.31784841075794623,0.3176542455711668
509.37605235014956,0.31784841075794623,0.3176542455711668
509.37605235014956,0.3184596577017115,0.3182651191203421
509.8089267529691,0.3184596577017115,0.3182651191203421
509.8089267529691,0.31907090464547677,0.3188759926695174
511.3358172798771,0.31907090464547677,0.3188759926695174
511.3358172798771,0.31968215158924207,0.3194868662186927
511.9494199409823,0.31968215158924207,0.3194868662186927
511.9494199409823,0.3202933985330073,0.32009773976786804
512.6885180089693,0.3202933985330073,0.32009773976786804
512.6885180089693,0.3209046454767726,0.32070861331704337
513.2907189219707,0.3209046454767726,0.32070861331704337
513.2907189219707,0.3215158924205379,0.3213194868662187
513.9488862328284,0.3215158924205379,0.3213194868662187
513.9488862328284,0.3221271393643032,0.321930360415394
515.0904593866032,0.3221271393643032,0.321930360415394
515.0904593866032,0.32273838630806845,0.32254123396456935
515.8157995197014,0.32273838630806845,0.32254123396456935
515.8157995197014,0.32334963325183375,0.3231521075137447
516.569686931626,0.32334963325183375,0.3231521075137447
516.569686931626,0.32396088019559904,0.32376298106291995
517.20711083841,0.32396088019559904,0.32376298106291995
517.20711083841,0.3245721271393643,0.3243738546120953
517.9726598739197,0.3245721271393643,0.3243738546120953
517.9726598739197,0.3251833740831296,0.3249847281612706
518.3732575426873,0.3251833740831296,0.3249847281612706
518.3732575426873,0.3257946210268949,0.32559560171044594
518.9594149125868,0.3257946210268949,0.32559560171044594
518.9594149125868,0.3264058679706601,0.32620647525962126
519.9789504446428,0.3264058679706601,0.32620647525962126
519.9789504446428,0.3270171149144254,0.3268173488087966
520.5906930472895,0.3270171149144254,0.3268173488087966
520.5906930472895,0.3276283618581907,0.3274282223579719
521.0818677699333,0.3276283618581907,0.3274282223579719
521.0818677699333,0.328239608801956,0.3280390959071472
522.0672777882064,0.328239608801956,0.3280390959071472
522.0672777882064,0.32885085574572126,0.3286499694563225
522.561751050177,0.32885085574572126,0.3286499694563225
522.561751050177,0.32946210268948656,0.32926084300549785
523.1683160272776,0.32946210268948656,0.32926084300549785
523.1683160272776,0.33007334963325186,0.3298717165546732
523.649377425939,0.33007334963325186,0.3298717165546732
523.649377425939,0.3306845965770171,0.3304825901038485
524.2450404782512,0.3306845965770171,0.3304825901038485
524.2450404782512,0.3312958435207824,0.33109346365302383
524.6299511461284,0.3312958435207824,0.33109346365302383
524.6299511461284,0.3319070904645477,0.33170433720219916
524.9670701953066,0.3319070904645477,0.33170433720219916
524.9670701953066,0.33251833740831294,0.3323152107513745
525.3968146909913,0.33251833740831294,0.3323152107513745
525.3968146909913,0.33312958435207823,0.33292608430054976
525.631062489624,0.33312958435207823,0.33292608430054976
525.631062489624,0.33374083129584353,0.3335369578497251
525.871460821931,0.33374083129584353,0.3335369578497251
525.871460821931,0.3343520782396088,0.3341478313989004
526.4215553602415,0.3343520782396088,0.3341478313989004
526.4215553602415,0.33496332518337407,0.33475870494807575
527.1878404004872,0.33496332518337407,0.33475870494807575
527.1878404004872,0.33557457212713937,0.3353695784972511
527.9522148292303,0.33557457212713937,0.3353695784972511
527.9522148292303,0.33618581907090467,0.3359804520464264
528.5646799089286,0.33618581907090467,0.3359804520464264
528.5646799089286,0.3367970660146699,0.33659132559560173
529.271067281157,0.3367970660146699,0.33659132559560173
529.271067281157,0.3374083129584352,0.337202199144777
530.2474139822505,0.3374083129584352,0.337202199144777
530.2474139822505,0.3380195599022005,0.33781307269395233
531.0637742064043,0.3380195599022005,0.33781307269395233
531.0637742064043,0.33863080684596575,0.33842394624312766
533.3762113441906,0.33863080684596575,0.33842394624312766
533.3762113441906,0.33924205378973105,0.339034819792303
536.1337545814629,0.33924205378973105,0.339034819792303
536.1337545814629,0.33985330073349634,0.3396456933414783
537.6731441280689,0.33985330073349634,0.3396456933414783
537.6731441280689,0.3404645476772616,0.34025656689065364
541.0434205550142,0.3404645476772616,0.34025656689065364
541.0434205550142,0.3410757946210269,0.340867440439829
541.2994146800659,0.3410757946210269,0.340867440439829
541.2994146800659,0.3416870415647922,0.3414783139890043
543.163133992492,0.3416870415647922,0.3414783139890043
543.163133992492,0.3422982885085575,0.3420891875381796
545.3995147979718,0.3422982885085575,0.3420891875381796
545.3995147979718,0.3429095354523227,0.3427000610873549
545.7547976926965,0.3429095354523227,0.3427000610873549
545.7547976926965,0.343520782396088,0.34331093463653023
546.0217187992776,0.343520782396088,0.34331093463653023
546.0217187992776,0.3441320293398533,0.34392180818570556
546.7181639984345,0.3441320293398533,0.34392180818570556
546.7181639984345,0.34474327628361856,0.3445326817348809
547.2559745693189,0.34474327628361856,0.3445326817348809
547.2559745693189,0.34535452322738386,0.3451435552840562
548.1063494568702,0.34535452322738386,0.3451435552840562
548.1063494568702,0.34596577017114916,0.34575442883323154
549.4457807998904,0.34596577017114916,0.34575442883323154
549.4457807998904,0.3465770171149144,0.3463653023824068
552.3397509784924,0.3465770171149144,0.3463653023824068
552.3397509784924,0.3471882640586797,0.34697617593158214
554.8424602135628,0.3471882640586797,0.34697617593158214
554.8424602135628,0.347799511002445,0.34758704948075747
555.9562033880538,0.347799511002445,0.34758704948075747
555.9562033880538,0.3484107579462103,0.3481979230299328
556.4515069322181,0.3484107579462103,0.3481979230299328
556.4515069322181,0.34902200488997553,0.3488087965791081
556.9638978750666,0.34902200488997553,0.3488087965791081
556.9638978750666,0.34963325183374083,0.34941967012828345
557.4729620034803,0.34963325183374083,0.34941967012828345
557.4729620034803,0.35024449877750613,0.3500305436774588
558.8696045257814,0.35024449877750613,0.3500305436774588
558.8696045257814,0.3508557457212714,0.3506414172266341
559.8277326293767,0.3508557457212714,0.3506414172266341
559.8277326293767,0.35146699266503667,0.3512522907758094
560.3843986478489,0.35146699266503667,0.3512522907758094
560.3843986478489,0.35207823960880197,0.3518631643249847
560.9151794873674,0.35207823960880197,0.3518631643249847
560.9151794873674,0.3526894865525672,0.35247403787416004
561.6237200879685,0.3526894865525672,0.35247403787416004
561.6237200879685,0.3533007334963325,0.35308491142333537
562.4046571505469,0.3533007334963325,0.35308491142333537
562.4046571505469,0.3539119804400978,0.3536957849725107
563.1306843904607,0.3539119804400978,0.3536957849725107
563.1306843904607,0.3545232273838631,0.354306658521686
564.3255837387975,0.3545232273838631,0.354306658521686
564.3255837387975,0.35513447432762835,0.35491753207086135
564.9042184209889,0.35513447432762835,0.35491753207086135
564.9042184209889,0.35574572127139364,0.3555284056200366
565.2563628724761,0.35574572127139364,0.3555284056200366
565.2563628724761,0.35635696821515894,0.35613927916921195
565.6195676644218,0.35635696821515894,0.35613927916921195
565.6195676644218,0.3569682151589242,0.3567501527183873
567.2219280851932,0.3569682151589242,0.3567501527183873
567.2219280851932,0.3575794621026895,0.3573610262675626
568.0652846810274,0.3575794621026895,0.3573610262675626
568.0652846810274,0.3581907090464548,0.35797189981673794
569.1282603519167,0.3581907090464548,0.35797189981673794
569.1282603519167,0.35880195599022,0.35858277336591327
572.1428085402532,0.35880195599022,0.35858277336591327
572.1428085402532,0.3594132029339853,0.3591936469150886
573.3591591050244,0.3594132029339853,0.3591936469150886
573.3591591050244,0.3600244498777506,0.3598045204642639
574.3192167038112,0.3600244498777506,0.3598045204642639
574.3192167038112,0.3606356968215159,0.3604153940134392
575.1494364330656,0.3606356968215159,0.3604153940134392
575.1494364330656,0.36124694376528116,0.3610262675626145
576.086488220548,0.36124694376528116,0.3610262675626145
576.086488220548,0.36185819070904646,0.36163714111178985
578.3106276181167,0.36185819070904646,0.36163714111178985
578.3106276181167,0.36246943765281175,0.3622480146609652
578.9947368021947,0.36246943765281175,0.3622480146609652
578.9947368021947,0.363080684596577,0.3628588882101405
580.422307826154,0.363080684596577,0.3628588882101405
580.422307826154,0.3636919315403423,0.36346976175931583
581.772711445615,0.3636919315403423,0.36346976175931583
581.772711445615,0.3643031784841076,0.36408063530849116
582.2847946614279,0.3643031784841076,0.36408063530849116
582.2847946614279,0.36491442542787283,0.36469150885766644
582.7549433054648,0.36491442542787283,0.36469150885766644
582.7549433054648,0.36552567237163813,0.36530238240684176
583.1599301403062,0.36552567237163813,0.36530238240684176
583.1599301403062,0.36613691931540343,0.3659132559560171
585.9223540193777,0.36613691931540343,0.3659132559560171
585.9223540193777,0.36674816625916873,0.3665241295051924
587.1923868486163,0.36674816625916873,0.3665241295051924
587.1923868486163,0.36735941320293397,0.36713500305436775
587.6286808436588,0.36735941320293397,0.36713500305436775
587.6286808436588,0.36797066014669927,0.3677458766035431
588.4072546375075,0.36797066014669927,0.3677458766035431
588.4072546375075,0.36858190709046457,0.3683567501527184
591.28104470482,0.36858190709046457,0.3683567501527184
591.28104470482,0.3691931540342298,0.36896762370189373
591.862370311255,0.3691931540342298,0.36896762370189373
591.862370311255,0.3698044009779951,0.369578497251069
592.4799190343317,0.3698044009779951,0.369578497251069
592.4799190343317,0.3704156479217604,0.37018937080024433
593.8904524282873,0.3704156479217604,0.37018937080024433
593.8904524282873,0.37102689486552565,0.37080024434941966
594.9565114615091,0.37102689486552565,0.37080024434941966
594.9565114615091,0.37163814180929094,0.371411117898595
595.5270975016563,0.37163814180929094,0.371411117898595
595.5270975016563,0.37224938875305624,0.3720219914477703
595.9201724064869,0.37224938875305624,0.3720219914477703
595.9201724064869,0.37286063569682154,0.37263286499694565
596.1654810594737,0.37286063569682154,0.37263286499694565
596.1654810594737,0.3734718826405868,0.373243738546121
596.6728563528238,0.3734718826405868,0.373243738546121
596.6728563528238,0.3740831295843521,0.37385461209529625
598.410470981615,0.3740831295843521,0.37385461209529625
598.410470981615,0.3746943765281174,0.3744654856444716
601.1467475691222,0.3746943765281174,0.3744654856444716
601.1467475691222,0.3753056234718826,0.3750763591936469
601.4909619484897,0.3753056234718826,0.3750763591936469
601.4909619484897,0.3759168704156479,0.37568723274282223
603.5050482552425,0.3759168704156479,0.37568723274282223
603.5050482552425,0.3765281173594132,0.37629810629199756
604.5112136297898,0.3765281173594132,0.37629810629199756
604.5112136297898,0.37713936430317846,0.3769089798411729
606.5197694267523,0.37713936430317846,0.3769089798411729
606.5197694267523,0.37775061124694376,0.3775198533903482
608.1811276883199,0.37775061124694376,0.3775198533903482
608.1811276883199,0.37836185819070906,0.37813072693952354
608.5924502680361,0.37836185819070906,0.37813072693952354
608.5924502680361,0.37897310513447435,0.3787416004886988
609.9014997191191,0.37897310513447435,0.3787416004886988
609.9014997191191,0.3795843520782396,0.37935247403787414
610.617231049047,0.3795843520782396,0.37935247403787414
610.617231049047,0.3801955990220049,0.37996334758704947
611.367652876728,0.3801955990220049,0.37996334758704947
611.367652876728,0.3808068459657702,0.3805742211362248
612.113787458977,0.3808068459657702,0.3805742211362248
612.113787458977,0.38141809290953543,0.38118509468540013
612.487797804537,0.38141809290953543,0.38118509468540013
612.487797804537,0.38202933985330073,0.38179596823457546
613.1160395749619,0.38202933985330073,0.38179596823457546
613.1160395749619,0.38264058679706603,0.3824068417837508
613.716537197684,0.38264058679706603,0.3824068417837508
613.716537197684,0.38325183374083127,0.3830177153329261
614.03622722379,0.38325183374083127,0.3830177153329261
614.03622722379,0.38386308068459657,0.3836285888821014
614.8627970463423,0.38386308068459657,0.3836285888821014
614.8627970463423,0.38447432762836187,0.3842394624312767
616.5091751128557,0.38447432762836187,0.3842394624312767
616.5091751128557,0.38508557457212717,0.38485033598045204
616.8298206886109,0.38508557457212717,0.38485033598045204
616.8298206886109,0.3856968215158924,0.38546120952962737
617.1396686096934,0.3856968215158924,0.38546120952962737
617.1396686096934,0.3863080684596577,0.3860720830788027
617.7967661891767,0.3863080684596577,0.3860720830788027
617.7967661891767,0.386919315403423,0.386682956627978
617.9828822793102,0.386919315403423,0.386682956627978
617.9828822793102,0.38753056234718825,0.38729383017715335
618.8364407625784,0.38753056234718825,0.38729383017715335
618.8364407625784,0.38814180929095354,0.3879047037263286
619.504075691264,0.38814180929095354,0.3879047037263286
619.504075691264,0.38875305623471884,0.38851557727550395
619.9644791902936,0.38875305623471884,0.38851557727550395
619.9644791902936,0.3893643031784841,0.3891264508246793
620.3855975680385,0.3893643031784841,0.3891264508246793
620.3855975680385,0.3899755501222494,0.3897373243738546
620.6400401619808,0.3899755501222494,0.3897373243738546
620.6400401619808,0.3905867970660147,0.39034819792302994
621.3648010013263,0.3905867970660147,0.39034819792302994
621.3648010013263,0.39119804400978,0.39095907147220527
622.0159111439432,0.39119804400978,0.39095907147220527
622.0159111439432,0.3918092909535452,0.3915699450213806
622.4907226398029,0.3918092909535452,0.3915699450213806
622.4907226398029,0.3924205378973105,0.3921808185705559
623.5724864381975,0.3924205378973105,0.3921808185705559
623.5724864381975,0.3930317848410758,0.3927916921197312
623.9695090692394,0.3930317848410758,0.3927916921197312
623.9695090692394,0.39364303178484106,0.3934025656689065
624.4548583794419,0.39364303178484106,0.3934025656689065
624.4548583794419,0.39425427872860636,0.39401343921808185
624.9747419412222,0.39425427872860636,0.39401343921808185
624.9747419412222,0.39486552567237165,0.3946243127672572
625.5287970820236,0.39486552567237165,0.3946243127672572
625.5287970820236,0.3954767726161369,0.3952351863164325
625.8948009671055,0.3954767726161369,0.3952351863164325
625.8948009671055,0.3960880195599022,0.39584605986560784
627.1027792672104,0.3960880195599022,0.39584605986560784
627.1027792672104,0.3966992665036675,0.39645693341478316
627.6885763996781,0.3966992665036675,0.39645693341478316
627.6885763996781,0.3973105134474328,0.39706780696395844
628.5000505012517,0.3973105134474328,0.39706780696395844
628.5000505012517,0.39792176039119803,0.39767868051313376
629.117152509016,0.39792176039119803,0.39767868051313376
629.117152509016,0.39853300733496333,0.3982895540623091
629.5712701373834,0.39853300733496333,0.3982895540623091
629.5712701373834,0.3991442542787286,0.3989004276114844
630.1459967745843,0.3991442542787286,0.3989004276114844
630.1459967745843,0.39975550122249387,0.39951130116065975
630.582515831645,0.39975550122249387,0.39951130116065975
630.582515831645,0.40036674816625917,0.4001221747098351
630.76111237802,0.40036674816625917,0.4001221747098351
630.76111237802,0.40097799511002447,0.4007330482590104
631.4263171804082,0.40097799511002447,0.4007330482590104
631.4263171804082,0.4015892420537897,0.40134392180818573
632.3303882948755,0.4015892420537897,0.40134392180818573
632.3303882948755,0.402200488997555,0.401954795357361
632.8729453130209,0.402200488997555,0.401954795357361
632.8729453130209,0.4028117359413203,0.40256566890653633
634.5272502253058,0.4028117359413203,0.40256566890653633
634.5272502253058,0.4034229828850856,0.40317654245571166
636.2949682385342,0.4034229828850856,0.40317654245571166
636.2949682385342,0.40403422982885084,0.403787416004887
637.535881346752,0.40403422982885084,0.403787416004887
637.535881346752,0.40464547677261614,0.4043982895540623
640.424921550825,0.40464547677261614,0.4043982895540623
640.424921550825,0.40525672371638144,0.40500916310323765
641.4885772451305,0.40525672371638144,0.40500916310323765
641.4885772451305,0.4058679706601467,0.405620036652413
642.1970246826327,0.4058679706601467,0.405620036652413
642.1970246826327,0.406479217603912,0.40623091020158825
643.1893737546458,0.406479217603912,0.40623091020158825
643.1893737546458,0.4070904645476773,0.4068417837507636
643.7358114995573,0.4070904645476773,0.4068417837507636
643.7358114995573,0.4077017114914425,0.4074526572999389
644.0037311101418,0.4077017114914425,0.4074526572999389
644.0037311101418,0.4083129584352078,0.40806353084911423
645.9910451982824,0.4083129584352078,0.40806353084911423
645.9910451982824,0.4089242053789731,0.40867440439828956
646.5072029595674,0.4089242053789731,0.40867440439828956
646.5072029595674,0.4095354523227384,0.4092852779474649
647.0332653694738,0.4095354523227384,0.4092852779474649
647.0332653694738,0.41014669926650366,0.4098961514966402
648.1815696701713,0.41014669926650366,0.4098961514966402
648.1815696701713,0.41075794621026895,0.41050702504581554
648.5901906042682,0.41075794621026895,0.41050702504581554
648.5901906042682,0.41136919315403425,0.4111178985949908
650.4122270635194,0.41136919315403425,0.4111178985949908
650.4122270635194,0.4119804400977995,0.41172877214416614
651.0621440146053,0.4119804400977995,0.41172877214416614
651.0621440146053,0.4125916870415648,0.41233964569334147
651.3470718600665,0.4125916870415648,0.41233964569334147
651.3470718600665,0.4132029339853301,0.4129505192425168
652.1677026945135,0.4132029339853301,0.4129505192425168
652.1677026945135,0.41381418092909533,0.41356139279169213
652.583310991894,0.41381418092909533,0.41356139279169213
652.583310991894,0.41442542787286063,0.41417226634086746
653.8062274395548,0.41442542787286063,0.41417226634086746
653.8062274395548,0.41503667481662593,0.4147831398900428
655.2578210023116,0.41503667481662593,0.4147831398900428
655.2578210023116,0.4156479217603912,0.41539401343921806
655.9636560953638,0.4156479217603912,0.41539401343921806
655.9636560953638,0.41625916870415647,0.4160048869883934
656.2756476913335,0.41625916870415647,0.4160048869883934
656.2756476913335,0.41687041564792177,0.4166157605375687
656.694569148029,0.41687041564792177,0.4166157605375687
656.694569148029,0.41748166259168706,0.41722663408674404
657.1477974965533,0.41748166259168706,0.41722663408674404
657.1477974965533,0.4180929095354523,0.41783750763591937
658.1838787419949,0.4180929095354523,0.41783750763591937
658.1838787419949,0.4187041564792176,0.4184483811850947
659.8285365824008,0.4187041564792176,0.4184483811850947
659.8285365824008,0.4193154034229829,0.41905925473427
660.5753174087938,0.4193154034229829,0.41905925473427
660.5753174087938,0.41992665036674814,0.41967012828344535
661.8866851035516,0.41992665036674814,0.41967012828344535
661.8866851035516,0.42053789731051344,0.4202810018326206
662.1976729559372,0.42053789731051344,0.4202810018326206
662.1976729559372,0.42114914425427874,0.42089187538179595
662.6395990901126,0.42114914425427874,0.42089187538179595
662.6395990901126,0.421760391198044,0.4215027489309713
663.5554770514699,0.421760391198044,0.4215027489309713
663.5554770514699,0.4223716381418093,0.4221136224801466
664.7768664218765,0.4223716381418093,0.4221136224801466
664.7768664218765,0.4229828850855746,0.42272449602932194
665.2411805241281,0.4229828850855746,0.42272449602932194
665.2411805241281,0.4235941320293399,0.42333536957849727
665.6162216068803,0.4235941320293399,0.42333536957849727
665.6162216068803,0.4242053789731051,0.4239462431276726
666.0003908022422,0.4242053789731051,0.4239462431276726
666.0003908022422,0.4248166259168704,0.42455711667684787
666.5224803002927,0.4248166259168704,0.42455711667684787
666.5224803002927,0.4254278728606357,0.4251679902260232
667.2340578692359,0.4254278728606357,0.4251679902260232
667.2340578692359,0.42603911980440096,0.4257788637751985
668.2063169944817,0.42603911980440096,0.4257788637751985
668.2063169944817,0.42665036674816625,0.42638973732437385
668.9141115978894,0.42665036674816625,0.42638973732437385
668.9141115978894,0.42726161369193155,0.4270006108735492
669.6767061882432,0.42726161369193155,0.4270006108735492
669.6767061882432,0.4278728606356968,0.4276114844227245
671.0741327632732,0.4278728606356968,0.4276114844227245
671.0741327632732,0.4284841075794621,0.42822235797189984
672.0131644913864,0.4284841075794621,0.42822235797189984
672.0131644913864,0.4290953545232274,0.42883323152107516
672.7483341619385,0.4290953545232274,0.42883323152107516
672.7483341619385,0.4297066014669927,0.42944410507025044
673.5364218857491,0.4297066014669927,0.42944410507025044
673.5364218857491,0.43031784841075793,0.43005497861942577
674.4743669766872,0.43031784841075793,0.43005497861942577
674.4743669766872,0.43092909535452323,0.4306658521686011
675.6742093681992,0.43092909535452323,0.4306658521686011
675.6742093681992,0.4315403422982885,0.4312767257177764
676.4426355387457,0.4315403422982885,0.4312767257177764
676.4426355387457,0.43215158924205377,0.43188759926695175
680.8576668791775,0.43215158924205377,0.43188759926695175
680.8576668791775,0.43276283618581907,0.4324984728161271
682.271348955511,0.43276283618581907,0.4324984728161271
682.271348955511,0.43337408312958436,0.4331093463653024
682.9970017199744,0.43337408312958436,0.4331093463653024
682.9970017199744,0.4339853300733496,0.4337202199144777
683.2872099543209,0.4339853300733496,0.4337202199144777
683.2872099543209,0.4345965770171149,0.434331093463653
683.9685331123906,0.4345965770171149,0.434331093463653
683.9685331123906,0.4352078239608802,0.43494196701282833
684.6387672752851,0.4352078239608802,0.43494196701282833
684.6387672752851,0.4358190709046455,0.43555284056200366
685.6388098980447,0.4358190709046455,0.43555284056200366
685.6388098980447,0.43643031784841074,0.436163714111179
687.8379093931196,0.43643031784841074,0.436163714111179
687.8379093931196,0.43704156479217604,0.4367745876603543
688.1685436770191,0.43704156479217604,0.4367745876603543
688.1685436770191,0.43765281173594134,0.43738546120952965
689.1771394994585,0.43765281173594134,0.43738546120952965
689.1771394994585,0.4382640586797066,0.437996334758705
689.4978364415774,0.4382640586797066,0.437996334758705
689.4978364415774,0.4388753056234719,0.43860720830788025
690.2413224823304,0.4388753056234719,0.43860720830788025
690.2413224823304,0.4394865525672372,0.4392180818570556
690.686878185134,0.4394865525672372,0.4392180818570556
690.686878185134,0.4400977995110024,0.4398289554062309
691.9810737804314,0.4400977995110024,0.4398289554062309
691.9810737804314,0.4407090464547677,0.44043982895540623
692.843812490631,0.4407090464547677,0.44043982895540623
692.843812490631,0.441320293398533,0.44105070250458156
694.9436851014304,0.441320293398533,0.44105070250458156
694.9436851014304,0.4419315403422983,0.4416615760537569
695.240267911624,0.4419315403422983,0.4416615760537569
695.240267911624,0.44254278728606355,0.4422724496029322
695.9991512898484,0.44254278728606355,0.4422724496029322
695.9991512898484,0.44315403422982885,0.4428833231521075
697.2098377940893,0.44315403422982885,0.4428833231521075
697.2098377940893,0.44376528117359415,0.4434941967012828
697.9228786198139,0.44376528117359415,0.4434941967012828
697.9228786198139,0.4443765281173594,0.44410507025045814
699.5232564421036,0.4443765281173594,0.44410507025045814
699.5232564421036,0.4449877750611247,0.4447159437996335
700.0959511704202,0.4449877750611247,0.4447159437996335
700.0959511704202,0.44559902200489,0.4453268173488088
700.5738299735867,0.44559902200489,0.4453268173488088
700.5738299735867,0.44621026894865523,0.44593769089798413
700.931397184761,0.44621026894865523,0.44593769089798413
700.931397184761,0.44682151589242053,0.44654856444715946
703.0773006461661,0.44682151589242053,0.44654856444715946
703.0773006461661,0.4474327628361858,0.4471594379963348
703.4650241400741,0.4474327628361858,0.4471594379963348
703.4650241400741,0.4480440097799511,0.44777031154551006
703.7544831376182,0.4480440097799511,0.44777031154551006
703.7544831376182,0.44865525672371637,0.4483811850946854
704.1677319426595,0.44865525672371637,0.4483811850946854
704.1677319426595,0.44926650366748166,0.4489920586438607
705.7628636975026,0.44926650366748166,0.4489920586438607
705.7628636975026,0.44987775061124696,0.44960293219303604
707.6548940068535,0.44987775061124696,0.44960293219303604
707.6548940068535,0.4504889975550122,0.45021380574221137
710.1520083278506,0.4504889975550122,0.45021380574221137
710.1520083278506,0.4511002444987775,0.4508246792913867
711.4517980726439,0.4511002444987775,0.4508246792913867
711.4517980726439,0.4517114914425428,0.451435552840562
711.7474105907311,0.4517114914425428,0.451435552840562
711.7474105907311,0.45232273838630804,0.4520464263897373
713.4633384719182,0.45232273838630804,0.4520464263897373
713.4633384719182,0.45293398533007334,0.4526572999389126
714.6423310305676,0.45293398533007334,0.4526572999389126
714.6423310305676,0.45354523227383864,0.45326817348808796
715.035262865505,0.45354523227383864,0.45326817348808796
715.035262865505,0.45415647921760394,0.4538790470372633
717.6029629418996,0.45415647921760394,0.4538790470372633
717.6029629418996,0.4547677261613692,0.4544899205864386
718.1654294106376,0.4547677261613692,0.4544899205864386
718.1654294106376,0.4553789731051345,0.45510079413561394
718.6300419146646,0.4553789731051345,0.45510079413561394
718.6300419146646,0.4559902200488998,0.45571166768478927
719.4613784866265,0.4559902200488998,0.45571166768478927
719.4613784866265,0.456601466992665,0.4563225412339646
720.2432437740963,0.456601466992665,0.4563225412339646
720.2432437740963,0.4572127139364303,0.45693341478313987
720.6537436119366,0.4572127139364303,0.45693341478313987
720.6537436119366,0.4578239608801956,0.4575442883323152
721.1191474372854,0.4578239608801956,0.4575442883323152
721.1191474372854,0.45843520782396086,0.4581551618814905
722.041862668197,0.45843520782396086,0.4581551618814905
722.041862668197,0.45904645476772615,0.45876603543066585
723.15343338915,0.45904645476772615,0.45876603543066585
723.15343338915,0.45965770171149145,0.4593769089798412
723.9447257560493,0.45965770171149145,0.4593769089798412
723.9447257560493,0.46026894865525675,0.4599877825290165
724.848044584643,0.46026894865525675,0.4599877825290165
724.848044584643,0.460880195599022,0.46059865607819184
725.7113945602587,0.460880195599022,0.46059865607819184
725.7113945602587,0.4614914425427873,0.4612095296273671
726.3441678909394,0.4614914425427873,0.4612095296273671
726.3441678909394,0.4621026894865526,0.46182040317654244
726.7901008142163,0.4621026894865526,0.46182040317654244
726.7901008142163,0.46271393643031783,0.46243127672571777
727.0886693628297,0.46271393643031783,0.46243127672571777
727.0886693628297,0.4633251833740831,0.4630421502748931
727.4438527725172,0.4633251833740831,0.4630421502748931
727.4438527725172,0.4639364303178484,0.4636530238240684
727.7364769332962,0.4639364303178484,0.4636530238240684
727.7364769332962,0.46454767726161367,0.46426389737324375
728.5535114145348,0.46454767726161367,0.46426389737324375
728.5535114145348,0.46515892420537897,0.4648747709224191
729.0287616161385,0.46515892420537897,0.4648747709224191
729.0287616161385,0.46577017114914426,0.4654856444715944
729.8862469195963,0.46577017114914426,0.4654856444715944
729.8862469195963,0.46638141809290956,0.4660965180207697
730.444518636732,0.46638141809290956,0.4660965180207697
730.444518636732,0.4669926650366748,0.466707391569945
731.1114678650911,0.4669926650366748,0.466707391569945
731.1114678650911,0.4676039119804401,0.46731826511912034
731.6560846144125,0.4676039119804401,0.46731826511912034
731.6560846144125,0.4682151589242054,0.46792913866829566
732.3885089893218,0.4682151589242054,0.46792913866829566
732.3885089893218,0.46882640586797064,0.468540012217471
734.2695591625613,0.46882640586797064,0.468540012217471
734.2695591625613,0.46943765281173594,0.4691508857666463
735.6558892017141,0.46943765281173594,0.4691508857666463
735.6558892017141,0.47004889975550124,0.46976175931582165
737.5414251619895,0.47004889975550124,0.46976175931582165
737.5414251619895,0.4706601466992665,0.4703726328649969
738.1579503094683,0.4706601466992665,0.4703726328649969
738.1579503094683,0.4712713936430318,0.47098350641417225
738.345633989049,0.4712713936430318,0.47098350641417225
738.345633989049,0.4718826405867971,0.4715943799633476
738.5403902336375,0.4718826405867971,0.4715943799633476
738.5403902336375,0.4724938875305624,0.4722052535125229
740.163657060815,0.4724938875305624,0.4722052535125229
740.163657060815,0.4731051344743276,0.47281612706169823
740.7376720136031,0.4731051344743276,0.47281612706169823
740.7376720136031,0.4737163814180929,0.47342700061087356
741.7220101258821,0.4737163814180929,0.47342700061087356
741.7220101258821,0.4743276283618582,0.4740378741600489
742.0617858254712,0.4743276283618582,0.4740378741600489
742.0617858254712,0.47493887530562345,0.4746487477092242
742.8018268035909,0.47493887530562345,0.4746487477092242
742.8018268035909,0.47555012224938875,0.4752596212583995
743.6424013535941,0.47555012224938875,0.4752596212583995
743.6424013535941,0.47616136919315405,0.4758704948075748
744.7461708690255,0.47616136919315405,0.4758704948075748
744.7461708690255,0.4767726161369193,0.47648136835675015
745.9979564446608,0.4767726161369193,0.47648136835675015
745.9979564446608,0.4773838630806846,0.4770922419059255
747.3143641234713,0.4773838630806846,0.4770922419059255
747.3143641234713,0.4779951100244499,0.4777031154551008
748.2646092537091,0.4779951100244499,0.4777031154551008
748.2646092537091,0.4786063569682152,0.47831398900427613
748.7787931702251,0.4786063569682152,0.47831398900427613
748.7787931702251,0.4792176039119804,0.47892486255345146
749.3264541196122,0.4792176039119804,0.47892486255345146
749.3264541196122,0.4798288508557457,0.47953573610262673
751.5224278221135,0.4798288508557457,0.47953573610262673
751.5224278221135,0.480440097799511,0.48014660965180206
753.4518895289691,0.480440097799511,0.48014660965180206
753.4518895289691,0.48105134474327627,0.4807574832009774
754.6475738942672,0.48105134474327627,0.4807574832009774
754.6475738942672,0.48166259168704156,0.4813683567501527
756.5380514199348,0.48166259168704156,0.4813683567501527
756.5380514199348,0.48227383863080686,0.48197923029932804
757.7631817831244,0.48227383863080686,0.48197923029932804
757.7631817831244,0.4828850855745721,0.48259010384850337
757.924463136565,0.4828850855745721,0.48259010384850337
757.924463136565,0.4834963325183374,0.4832009773976787
758.4881687823249,0.4834963325183374,0.4832009773976787
758.4881687823249,0.4841075794621027,0.483811850946854
759.3974860350216,0.4841075794621027,0.483811850946854
759.3974860350216,0.484718826405868,0.4844227244960293
760.3095035206534,0.484718826405868,0.4844227244960293
760.3095035206534,0.48533007334963324,0.48503359804520463
761.0573105637793,0.48533007334963324,0.48503359804520463
761.0573105637793,0.48594132029339854,0.48564447159437996
761.771027440497,0.48594132029339854,0.48564447159437996
761.771027440497,0.48655256723716384,0.4862553451435553
762.6217643621906,0.48655256723716384,0.4862553451435553
762.6217643621906,0.4871638141809291,0.4868662186927306
763.3904688616558,0.4871638141809291,0.4868662186927306
763.3904688616558,0.4877750611246944,0.48747709224190594
765.5421037155479,0.4877750611246944,0.48747709224190594
765.5421037155479,0.4883863080684597,0.48808796579108127
765.8367020059263,0.4883863080684597,0.48808796579108127
765.8367020059263,0.4889975550122249,0.48869883934025654
766.4850981560478,0.4889975550122249,0.48869883934025654
766.4850981560478,0.4896088019559902,0.48930971288943187
767.5487257027763,0.4896088019559902,0.48930971288943187
767.5487257027763,0.4902200488997555,0.4899205864386072
768.542413415782,0.4902200488997555,0.4899205864386072
768.542413415782,0.4908312958435208,0.4905314599877825
769.6170958961461,0.4908312958435208,0.4905314599877825
769.6170958961461,0.49144254278728605,0.49114233353695785
770.6846479971086,0.49144254278728605,0.49114233353695785
770.6846479971086,0.49205378973105135,0.4917532070861332
771.6839716029438,0.49205378973105135,0.4917532070861332
771.6839716029438,0.49266503667481665,0.4923640806353085
772.0511123277919,0.49266503667481665,0.4923640806353085
772.0511123277919,0.4932762836185819,0.49297495418448384
772.38569002311306,0.4932762836185819,0.49297495418448384
772.38569002311306,0.4938875305623472,0.4935858277336591
773.554912175323,0.4938875305623472,0.4935858277336591
773.554912175323,0.4944987775061125,0.49419670128283444
773.8051002188156,0.4944987775061125,0.49419670128283444
773.8051002188156,0.49511002444987773,0.49480757483200977
774.1108976314595,0.49511002444987773,0.49480757483200977
774.1108976314595,0.495721271393643,0.4954184483811851
774.5936006550834,0.495721271393643,0.4954184483811851
774.5936006550834,0.4963325183374083,0.4960293219303604
775.7998939791291,0.4963325183374083,0.4960293219303604
775.7998939791291,0.4969437652811736,0.49664019547953575
776.6832716707914,0.4969437652811736,0.49664019547953575
776.6832716707914,0.49755501222493886,0.4972510690287111
778.2723630895977,0.49755501222493886,0.4972510690287111
778.2723630895977,0.49816625916870416,0.49786194257788635
779.716481294097,0.49816625916870416,0.49786194257788635
779.716481294097,0.49877750611246946,0.4984728161270617
782.5782727557619,0.49877750611246946,0.4984728161270617
782.5782727557619,0.4993887530562347,0.499083689676237
783.6382735457667,0.4993887530562347,0.499083689676237
783.6382735457667,0.5,0.49969456322541234
785.6789028439177,0.5,0.49969456322541234
785.6789028439177,0.5006112469437652,0.5003054367745876
786.4066369982773,0.5006112469437652,0.5003054367745876
786.4066369982773,0.5012224938875306,0.5009163103237629
790.0501615121431,0.5012224938875306,0.5009163103237629
790.0501615121431,0.5018337408312958,0.5015271838729383
790.5878557533733,0.5018337408312958,0.5015271838729383
790.5878557533733,0.5024449877750611,0.5021380574221136
792.2809657517932,0.5024449877750611,0.5021380574221136
792.2809657517932,0.5030562347188264,0.5027489309712889
793.0855870963295,0.5030562347188264,0.5027489309712889
793.0855870963295,0.5036674816625917,0.5033598045204642
793.767572322625,0.5036674816625917,0.5033598045204642
793.767572322625,0.5042787286063569,0.5039706780696396
794.4313043099046,0.5042787286063569,0.5039706780696396
794.4313043099046,0.5048899755501223,0.5045815516188149
795.0745712275796,0.5048899755501223,0.5045815516188149
795.0745712275796,0.5055012224938875,0.5051924251679902
795.9040169171008,0.5055012224938875,0.5051924251679902
795.9040169171008,0.5061124694376528,0.5058032987171656
796.3777748639861,0.5061124694376528,0.5058032987171656
796.3777748639861,0.5067237163814181,0.5064141722663409
796.5420166527754,0.5067237163814181,0.5064141722663409
796.5420166527754,0.5073349633251834,0.5070250458155162
796.7564835478805,0.5073349633251834,0.5070250458155162
796.7564835478805,0.5079462102689487,0.5076359193646915
796.9796594543759,0.5079462102689487,0.5076359193646915
796.9796594543759,0.508557457212714,0.5082467929138669
797.9552187451038,0.508557457212714,0.5082467929138669
797.9552187451038,0.5091687041564792,0.5088576664630422
798.6385432069848,0.5091687041564792,0.5088576664630422
798.6385432069848,0.5097799511002445,0.5094685400122174
800.5944055643756,0.5097799511002445,0.5094685400122174
800.5944055643756,0.5103911980440098,0.5100794135613927
801.4819235475193,0.5103911980440098,0.5100794135613927
801.4819235475193,0.511002444987775,0.5106902871105681
801.9866589120188,0.511002444987775,0.5106902871105681
801.9866589120188,0.5116136919315404,0.5113011606597434
802.3920129711876,0.5116136919315404,0.5113011606597434
802.3920129711876,0.5122249388753056,0.5119120342089187
803.0807354118429,0.5122249388753056,0.5119120342089187
803.0807354118429,0.5128361858190709,0.5125229077580941
803.9804695339869,0.5128361858190709,0.5125229077580941
803.9804695339869,0.5134474327628362,0.5131337813072694
804.6759315880324,0.5134474327628362,0.5131337813072694
804.6759315880324,0.5140586797066015,0.5137446548564447
804.9836642382284,0.5140586797066015,0.5137446548564447
804.9836642382284,0.5146699266503667,0.51435552840562
805.5885917918608,0.5146699266503667,0.51435552840562
805.5885917918608,0.5152811735941321,0.5149664019547954
806.0075505265165,0.5152811735941321,0.5149664019547954
806.0075505265165,0.5158924205378973,0.5155772755039707
806.7812451914101,0.5158924205378973,0.5155772755039707
806.7812451914101,0.5165036674816625,0.516188149053146
809.1274629073832,0.5165036674816625,0.516188149053146
809.1274629073832,0.5171149144254279,0.5167990226023214
809.5929428326655,0.5171149144254279,0.5167990226023214
809.5929428326655,0.5177261613691931,0.5174098961514967
810.3484146714919,0.5177261613691931,0.5174098961514967
810.3484146714919,0.5183374083129584,0.518020769700672
810.684834335201,0.5183374083129584,0.518020769700672
810.684834335201,0.5189486552567237,0.5186316432498472
812.2144014170108,0.5189486552567237,0.5186316432498472
812.2144014170108,0.519559902200489,0.5192425167990226
812.8753879097023,0.519559902200489,0.5192425167990226
812.8753879097023,0.5201711491442543,0.5198533903481979
813.5904185901455,0.5201711491442543,0.5198533903481979
813.5904185901455,0.5207823960880196,0.5204642638973732
815.6266744818128,0.5207823960880196,0.5204642638973732
815.6266744818128,0.5213936430317848,0.5210751374465485
817.7299658611078,0.5213936430317848,0.5210751374465485
817.7299658611078,0.5220048899755502,0.5216860109957239
819.9616237655737,0.5220048899755502,0.5216860109957239
819.9616237655737,0.5226161369193154,0.5222968845448992
823.2005776066098,0.5226161369193154,0.5222968845448992
823.2005776066098,0.5232273838630807,0.5229077580940745
824.3458914871246,0.5232273838630807,0.5229077580940745
824.3458914871246,0.523838630806846,0.5235186316432499
825.4450103645781,0.523838630806846,0.5235186316432499
825.4450103645781,0.5244498777506112,0.5241295051924252
826.341983868999,0.5244498777506112,0.5241295051924252
826.341983868999,0.5250611246943765,0.5247403787416005
827.0919832819377,0.5250611246943765,0.5247403787416005
827.0919832819377,0.5256723716381418,0.5253512522907758
828.6991905875173,0.5256723716381418,0.5253512522907758
828.6991905875173,0.5262836185819071,0.5259621258399512
829.2323848126982,0.5262836185819071,0.5259621258399512
829.2323848126982,0.5268948655256723,0.5265729993891265
829.876065646997,0.5268948655256723,0.5265729993891265
829.876065646997,0.5275061124694377,0.5271838729383018
830.7248485579266,0.5275061124694377,0.5271838729383018
830.7248485579266,0.5281173594132029,0.527794746487477
831.022260851126,0.5281173594132029,0.527794746487477
831.022260851126,0.5287286063569682,0.5284056200366524
831.4539447198752,0.5287286063569682,0.5284056200366524
831.4539447198752,0.5293398533007335,0.5290164935858277
831.8149479086936,0.5293398533007335,0.5290164935858277
831.8149479086936,0.5299511002444988,0.529627367135003
832.2527795508086,0.5299511002444988,0.529627367135003
832.2527795508086,0.530562347188264,0.5302382406841784
833.6744264947718,0.530562347188264,0.5302382406841784
833.6744264947718,0.5311735941320294,0.5308491142333537
835.2437614666505,0.5311735941320294,0.5308491142333537
835.2437614666505,0.5317848410757946,0.531459987782529
835.9172285367206,0.5317848410757946,0.531459987782529
835.9172285367206,0.53239608801956,0.5320708613317043
838.1292094685955,0.53239608801956,0.5320708613317043
838.1292094685955,0.5330073349633252,0.5326817348808797
838.5530087901891,0.5330073349633252,0.5326817348808797
838.5530087901891,0.5336185819070904,0.533292608430055
839.2964846990355,0.5336185819070904,0.533292608430055
839.2964846990355,0.5342298288508558,0.5339034819792303
839.9470292408607,0.5342298288508558,0.5339034819792303
839.9470292408607,0.534841075794621,0.5345143555284056
840.2489482283479,0.534841075794621,0.5345143555284056
840.2489482283479,0.5354523227383863,0.535125229077581
840.8251707909856,0.5354523227383863,0.535125229077581
840.8251707909856,0.5360635696821516,0.5357361026267563
841.1661159086043,0.5360635696821516,0.5357361026267563
841.1661159086043,0.5366748166259169,0.5363469761759316
841.6099787478515,0.5366748166259169,0.5363469761759316
841.6099787478515,0.5372860635696821,0.5369578497251069
843.0516124334948,0.5372860635696821,0.5369578497251069
843.0516124334948,0.5378973105134475,0.5375687232742822
844.9013188077527,0.5378973105134475,0.5375687232742822
844.9013188077527,0.5385085574572127,0.5381795968234575
846.6027254831613,0.5385085574572127,0.5381795968234575
846.6027254831613,0.539119804400978,0.5387904703726328
847.0680949588664,0.539119804400978,0.5387904703726328
847.0680949588664,0.5397310513447433,0.5394013439218082
848.5872548352768,0.5397310513447433,0.5394013439218082
848.5872548352768,0.5403422982885085,0.5400122174709835
849.2378224845645,0.5403422982885085,0.5400122174709835
849.2378224845645,0.5409535452322738,0.5406230910201588
849.5397513349151,0.5409535452322738,0.5406230910201588
849.5397513349151,0.5415647921760391,0.5412339645693341
850.9885759240653,0.5415647921760391,0.5412339645693341
850.9885759240653,0.5421760391198044,0.5418448381185095
851.9068260416583,0.5421760391198044,0.5418448381185095
851.9068260416583,0.5427872860635696,0.5424557116676848
852.2547127116379,0.5427872860635696,0.5424557116676848
852.2547127116379,0.543398533007335,0.5430665852168601
852.6582127775234,0.543398533007335,0.5430665852168601
852.6582127775234,0.5440097799511002,0.5436774587660355
853.5447408132652,0.5440097799511002,0.5436774587660355
853.5447408132652,0.5446210268948656,0.5442883323152108
854.0504725105895,0.5446210268948656,0.5442883323152108
854.0504725105895,0.5452322738386308,0.5448992058643861
854.5203500980165,0.5452322738386308,0.5448992058643861
854.5203500980165,0.5458435207823961,0.5455100794135614
855.4679755315526,0.5458435207823961,0.5455100794135614
855.4679755315526,0.5464547677261614,0.5461209529627367
856.4571737771082,0.5464547677261614,0.5461209529627367
856.4571737771082,0.5470660146699267,0.546731826511912
856.6961007195656,0.5470660146699267,0.546731826511912
856.6961007195656,0.5476772616136919,0.5473427000610873
860.6331229669047,0.5476772616136919,0.5473427000610873
860.6331229669047,0.5482885085574573,0.5479535736102626
861.1533149189522,0.5482885085574573,0.5479535736102626
861.1533149189522,0.5488997555012225,0.548564447159438
861.9576251305493,0.5488997555012225,0.548564447159438
861.9576251305493,0.5495110024449877,0.5491753207086133
862.3464440898356,0.5495110024449877,0.5491753207086133
862.3464440898356,0.5501222493887531,0.5497861942577886
863.6482980240605,0.5501222493887531,0.5497861942577886
863.6482980240605,0.5507334963325183,0.550397067806964
865.3721147434686,0.5507334963325183,0.550397067806964
865.3721147434686,0.5513447432762836,0.5510079413561393
866.6990325710418,0.5513447432762836,0.5510079413561393
866.6990325710418,0.5519559902200489,0.5516188149053146
867.1716794268784,0.5519559902200489,0.5516188149053146
867.1716794268784,0.5525672371638142,0.5522296884544899
867.7823825655469,0.5525672371638142,0.5522296884544899
867.7823825655469,0.5531784841075794,0.5528405620036653
868.6978382836971,0.5531784841075794,0.5528405620036653
868.6978382836971,0.5537897310513448,0.5534514355528406
871.0157558200385,0.5537897310513448,0.5534514355528406
871.0157558200385,0.55440097799511,0.5540623091020159
874.8017910086385,0.55440097799511,0.5540623091020159
874.8017910086385,0.5550122249388753,0.5546731826511913
875.4328513869402,0.5550122249388753,0.5546731826511913
875.4328513869402,0.5556234718826406,0.5552840562003665
876.0300414373936,0.5556234718826406,0.5552840562003665
876.0300414373936,0.5562347188264058,0.5558949297495418
876.7001322648962,0.5562347188264058,0.5558949297495418
876.7001322648962,0.5568459657701712,0.5565058032987171
878.1920980130449,0.5568459657701712,0.5565058032987171
878.1920980130449,0.5574572127139364,0.5571166768478925
880.1800961726863,0.5574572127139364,0.5571166768478925
880.1800961726863,0.5580684596577017,0.5577275503970678
880.9513277639828,0.5580684596577017,0.5577275503970678
880.9513277639828,0.558679706601467,0.5583384239462431
882.0243612842007,0.558679706601467,0.5583384239462431
882.0243612842007,0.5592909535452323,0.5589492974954184
883.4378160975168,0.5592909535452323,0.5589492974954184
883.4378160975168,0.5599022004889975,0.5595601710445938
884.1676004872479,0.5599022004889975,0.5595601710445938
884.1676004872479,0.5605134474327629,0.5601710445937691
886.323440666871,0.5605134474327629,0.5601710445937691
886.323440666871,0.5611246943765281,0.5607819181429444
887.6206096212707,0.5611246943765281,0.5607819181429444
887.6206096212707,0.5617359413202934,0.5613927916921198
889.0670021289027,0.5617359413202934,0.5613927916921198
889.0670021289027,0.5623471882640587,0.5620036652412951
889.8232595350344,0.5623471882640587,0.5620036652412951
889.8232595350344,0.562958435207824,0.5626145387904704
890.6154612265735,0.562958435207824,0.5626145387904704
890.6154612265735,0.5635696821515892,0.5632254123396457
891.3336607072472,0.5635696821515892,0.5632254123396457
891.3336607072472,0.5641809290953546,0.5638362858888211
893.0218051713083,0.5641809290953546,0.5638362858888211
893.0218051713083,0.5647921760391198,0.5644471594379963
894.3915184493966,0.5647921760391198,0.5644471594379963
894.3915184493966,0.565403422982885,0.5650580329871716
895.5417405921825,0.565403422982885,0.5650580329871716
895.5417405921825,0.5660146699266504,0.5656689065363469
896.5897446238785,0.5660146699266504,0.5656689065363469
896.5897446238785,0.5666259168704156,0.5662797800855223
897.4137173752995,0.5666259168704156,0.5662797800855223
897.4137173752995,0.5672371638141809,0.5668906536346976
899.262982585682,0.5672371638141809,0.5668906536346976
899.262982585682,0.5678484107579462,0.5675015271838729
901.3052318855773,0.5678484107579462,0.5675015271838729
901.3052318855773,0.5684596577017115,0.5681124007330483
901.4288690054385,0.5684596577017115,0.5681124007330483
901.4288690054385,0.5690709046454768,0.5687232742822236
902.8369082779691,0.5690709046454768,0.5687232742822236
902.8369082779691,0.5696821515892421,0.5693341478313989
903.9702891729119,0.5696821515892421,0.5693341478313989
903.9702891729119,0.5702933985330073,0.5699450213805742
904.4841350227144,0.5702933985330073,0.5699450213805742
904.4841350227144,0.5709046454767727,0.5705558949297496
905.2012103304387,0.5709046454767727,0.5705558949297496
905.2012103304387,0.5715158924205379,0.5711667684789249
906.0272110978586,0.5715158924205379,0.5711667684789249
906.0272110978586,0.57212713936430315,0.5717776420281002
906.8834256754412,0.57212713936430315,0.5717776420281002
906.8834256754412,0.5727383863080685,0.5723885155772755
908.2233170132304,0.5727383863080685,0.5723885155772755
908.2233170132304,0.5733496332518337,0.5729993891264509
909.4896513863707,0.5733496332518337,0.5729993891264509
909.4896513863707,0.573960880195599,0.5736102626756261
910.22269370005165,0.573960880195599,0.5736102626756261
910.22269370005165,0.5745721271393643,0.5742211362248014
911.1223688052196,0.5745721271393643,0.5742211362248014
911.1223688052196,0.5751833740831296,0.5748320097739767
911.3833865006882,0.5751833740831296,0.5748320097739767
911.3833865006882,0.5757946210268948,0.5754428833231521
911.6137059455837,0.5757946210268948,0.5754428833231521
911.6137059455837,0.5764058679706602,0.5760537568723274
913.2484199569647,0.5764058679706602,0.5760537568723274
913.2484199569647,0.5770171149144254,0.5766646304215027
914.096205958988,0.5770171149144254,0.5766646304215027
914.096205958988,0.5776283618581907,0.5772755039706781
914.9503910176256,0.5776283618581907,0.5772755039706781
914.9503910176256,0.578239608801956,0.5778863775198534
915.7693436021523,0.578239608801956,0.5778863775198534
915.7693436021523,0.5788508557457213,0.5784972510690287
916.882370963379,0.5788508557457213,0.5784972510690287
916.882370963379,0.5794621026894865,0.579108124618204
917.9062055824709,0.5794621026894865,0.579108124618204
917.9062055824709,0.5800733496332519,0.5797189981673794
918.9478717879306,0.5800733496332519,0.5797189981673794
918.9478717879306,0.5806845965770171,0.5803298717165547
919.7629216702663,0.5806845965770171,0.5803298717165547
919.7629216702663,0.5812958435207825,0.58094074526573
920.5231187805534,0.5812958435207825,0.58094074526573
920.5231187805534,0.5819070904645477,0.5815516188149054
921.5819212619557,0.5819070904645477,0.5815516188149054
921.5819212619557,0.5825183374083129,0.5821624923640807
922.4296391964276,0.5825183374083129,0.5821624923640807
922.4296391964276,0.5831295843520783,0.5827733659132559
922.9886276229877,0.5831295843520783,0.5827733659132559
922.9886276229877,0.5837408312958435,0.5833842394624312
923.7741405020953,0.5837408312958435,0.5833842394624312
923.7741405020953,0.5843520782396088,0.5839951130116066
924.2183053646629,0.5843520782396088,0.5839951130116066
924.2183053646629,0.5849633251833741,0.5846059865607819
925.4658545232802,0.5849633251833741,0.5846059865607819
925.4658545232802,0.5855745721271394,0.5852168601099572
925.9574848585494,0.5855745721271394,0.5852168601099572
925.9574848585494,0.5861858190709046,0.5858277336591325
926.7065495855398,0.5861858190709046,0.5858277336591325
926.7065495855398,0.58679706601467,0.5864386072083079
927.4839456680677,0.58679706601467,0.5864386072083079
927.4839456680677,0.5874083129584352,0.5870494807574832
928.5784184088996,0.5874083129584352,0.5870494807574832
928.5784184088996,0.5880195599022005,0.5876603543066585
929.3298680142348,0.5880195599022005,0.5876603543066585
929.3298680142348,0.5886308068459658,0.5882712278558339
929.9064297468385,0.5886308068459658,0.5882712278558339
929.9064297468385,0.589242053789731,0.5888821014050092
930.3768712569079,0.589242053789731,0.5888821014050092
930.3768712569079,0.5898533007334963,0.5894929749541845
931.6687283790495,0.5898533007334963,0.5894929749541845
931.6687283790495,0.5904645476772616,0.5901038485033598
932.7313483283666,0.5904645476772616,0.5901038485033598
932.7313483283666,0.5910757946210269,0.5907147220525352
933.9386975599577,0.5910757946210269,0.5907147220525352
933.9386975599577,0.5916870415647921,0.5913255956017105
934.6428203342172,0.5916870415647921,0.5913255956017105
934.6428203342172,0.5922982885085575,0.5919364691508857
935.8424517203603,0.5922982885085575,0.5919364691508857
935.8424517203603,0.5929095354523227,0.592547342700061
937.0447510005574,0.5929095354523227,0.592547342700061
937.0447510005574,0.593520782396088,0.5931582162492364
938.93624282106,0.593520782396088,0.5931582162492364
938.93624282106,0.5941320293398533,0.5937690897984117
942.6620043132716,0.5941320293398533,0.5937690897984117
942.6620043132716,0.5947432762836186,0.594379963347587
943.3061363327155,0.5947432762836186,0.594379963347587
943.3061363327155,0.5953545232273839,0.5949908368967624
944.605669227687,0.5953545232273839,0.5949908368967624
944.605669227687,0.5959657701711492,0.5956017104459377
944.9832881652567,0.5959657701711492,0.5956017104459377
944.9832881652567,0.5965770171149144,0.596212583995113
947.3440415825074,0.5965770171149144,0.596212583995113
947.3440415825074,0.5971882640586798,0.5968234575442883
948.3584492485425,0.5971882640586798,0.5968234575442883
948.3584492485425,0.597799511002445,0.5974343310934637
950.3019016523704,0.597799511002445,0.5974343310934637
950.3019016523704,0.5984107579462102,0.598045204642639
952.2301382808023,0.5984107579462102,0.598045204642639
952.2301382808023,0.5990220048899756,0.5986560781918143
952.6811143937289,0.5990220048899756,0.5986560781918143
952.6811143937289,0.5996332518337408,0.5992669517409897
953.4163650616385,0.5996332518337408,0.5992669517409897
953.4163650616385,0.6002444987775061,0.599877825290165
953.7872670310253,0.6002444987775061,0.599877825290165
953.7872670310253,0.6008557457212714,0.6004886988393403
954.2113400828694,0.6008557457212714,0.6004886988393403
954.2113400828694,0.6014669926650367,0.6010995723885155
954.5514226067907,0.6014669926650367,0.6010995723885155
954.5514226067907,0.6020782396088019,0.6017104459376909
954.9657534302667,0.6020782396088019,0.6017104459376909
954.9657534302667,0.6026894865525673,0.6023213194868662
955.350719603879,0.6026894865525673,0.6023213194868662
955.350719603879,0.6033007334963325,0.6029321930360415
955.725815322709,0.6033007334963325,0.6029321930360415
955.725815322709,0.6039119804400978,0.6035430665852168
958.9930578999335,0.6039119804400978,0.6035430665852168
958.9930578999335,0.6045232273838631,0.6041539401343922
960.7157294575627,0.6045232273838631,0.6041539401343922
960.7157294575627,0.6051344743276283,0.6047648136835675
961.0462210098053,0.6051344743276283,0.6047648136835675
961.0462210098053,0.6057457212713936,0.6053756872327428
961.3095550885109,0.6057457212713936,0.6053756872327428
961.3095550885109,0.6063569682151589,0.6059865607819181
962.2007537810902,0.6063569682151589,0.6059865607819181
962.2007537810902,0.6069682151589242,0.6065974343310935
962.7683907341677,0.6069682151589242,0.6065974343310935
962.7683907341677,0.6075794621026895,0.6072083078802688
963.2636437406707,0.6075794621026895,0.6072083078802688
963.2636437406707,0.6081907090464548,0.6078191814294441
964.0086978251625,0.6081907090464548,0.6078191814294441
964.0086978251625,0.60880195599022,0.6084300549786195
967.5280871019886,0.60880195599022,0.6084300549786195
967.5280871019886,0.6094132029339854,0.6090409285277948
970.914342908209,0.6094132029339854,0.6090409285277948
970.914342908209,0.6100244498777506,0.6096518020769701
971.7782742427521,0.6100244498777506,0.6096518020769701
971.7782742427521,0.6106356968215159,0.6102626756261453
975.519585447715,0.6106356968215159,0.6102626756261453
975.519585447715,0.6112469437652812,0.6108735491753207
977.9404675295121,0.6112469437652812,0.6108735491753207
977.9404675295121,0.6118581907090465,0.611484422724496
982.2197757017714,0.6118581907090465,0.611484422724496
982.2197757017714,0.6124694376528117,0.6120952962736713
982.6356478658881,0.6124694376528117,0.6120952962736713
982.6356478658881,0.613080684596577,0.6127061698228466
982.9105551859079,0.613080684596577,0.6127061698228466
982.9105551859079,0.6136919315403423,0.613317043372022
983.6953800473513,0.6136919315403423,0.613317043372022
983.6953800473513,0.6143031784841075,0.6139279169211973
985.3162519451109,0.6143031784841075,0.6139279169211973
985.3162519451109,0.6149144254278729,0.6145387904703726
988.3546471841731,0.6149144254278729,0.6145387904703726
988.3546471841731,0.6155256723716381,0.615149664019548
989.653434943614,0.6155256723716381,0.615149664019548
989.653434943614,0.6161369193154034,0.6157605375687233
990.0339650119506,0.6161369193154034,0.6157605375687233
990.0339650119506,0.6167481662591687,0.6163714111178986
991.1649922535076,0.6167481662591687,0.6163714111178986
991.1649922535076,0.617359413202934,0.6169822846670739
991.7544371518022,0.617359413202934,0.6169822846670739
991.7544371518022,0.6179706601466992,0.6175931582162493
992.175455881924,0.6179706601466992,0.6175931582162493
992.175455881924,0.6185819070904646,0.6182040317654246
993.0604562434926,0.6185819070904646,0.6182040317654246
993.0604562434926,0.6191931540342298,0.6188149053145999
993.5609050150596,0.6191931540342298,0.6188149053145999
993.5609050150596,0.6198044009779952,0.6194257788637751
994.9814213880511,0.6198044009779952,0.6194257788637751
994.9814213880511,0.6204156479217604,0.6200366524129505
995.7315186790671,0.6204156479217604,0.6200366524129505
995.7315186790671,0.6210268948655256,0.6206475259621258
996.1177807647833,0.6210268948655256,0.6206475259621258
996.1177807647833,0.621638141809291,0.6212583995113011
998.9812044112123,0.621638141809291,0.6212583995113011
998.9812044112123,0.6222493887530562,0.6218692730604765
1000.0249642283197,0.6222493887530562,0.6218692730604765
1000.0249642283197,0.6228606356968215,0.6224801466096518
1002.124291753904,0.6228606356968215,0.6224801466096518
1002.124291753904,0.6234718826405868,0.6230910201588271
1003.3193410539113,0.6234718826405868,0.6230910201588271
1003.3193410539113,0.6240831295843521,0.6237018937080024
1003.6042926166692,0.6240831295843521,0.6237018937080024
1003.6042926166692,0.6246943765281173,0.6243127672571778
1004.3421499794747,0.6246943765281173,0.6243127672571778
1004.3421499794747,0.6253056234718827,0.6249236408063531
1004.6472444415747,0.6253056234718827,0.6249236408063531
1004.6472444415747,0.6259168704156479,0.6255345143555284
1005.1806878152627,0.6259168704156479,0.6255345143555284
1005.1806878152627,0.6265281173594132,0.6261453879047038
1006.7964717617424,0.6265281173594132,0.6261453879047038
1006.7964717617424,0.6271393643031785,0.6267562614538791
1008.3485947941442,0.6271393643031785,0.6267562614538791
1008.3485947941442,0.6277506112469438,0.6273671350030544
1009.1879414082287,0.6277506112469438,0.6273671350030544
1009.1879414082287,0.628361858190709,0.6279780085522297
1009.8676999202681,0.628361858190709,0.6279780085522297
1009.8676999202681,0.6289731051344744,0.628588882101405
1011.6562081741365,0.6289731051344744,0.628588882101405
1011.6562081741365,0.6295843520782396,0.6291997556505803
1013.926156803657,0.6295843520782396,0.6291997556505803
1013.926156803657,0.6301955990220048,0.6298106291997556
1016.0321870163884,0.6301955990220048,0.6298106291997556
1016.0321870163884,0.6308068459657702,0.6304215027489309
1016.8951778434284,0.6308068459657702,0.6304215027489309
1016.8951778434284,0.6314180929095354,0.6310323762981063
1017.4634598967202,0.6314180929095354,0.6310323762981063
1017.4634598967202,0.6320293398533008,0.6316432498472816
1018.2660843870062,0.6320293398533008,0.6316432498472816
1018.2660843870062,0.632640586797066,0.6322541233964569
1019.2647060386146,0.632640586797066,0.6322541233964569
1019.2647060386146,0.6332518337408313,0.6328649969456323
1020.2890443922487,0.6332518337408313,0.6328649969456323
1020.2890443922487,0.6338630806845966,0.6334758704948076
1022.6222812303605,0.6338630806845966,0.6334758704948076
1022.6222812303605,0.6344743276283619,0.6340867440439829
1024.2085146519019,0.6344743276283619,0.6340867440439829
1024.2085146519019,0.6350855745721271,0.6346976175931582
1024.8591029746497,0.6350855745721271,0.6346976175931582
1024.8591029746497,0.6356968215158925,0.6353084911423336
1026.4155616216133,0.6356968215158925,0.6353084911423336
1026.4155616216133,0.6363080684596577,0.6359193646915089
1027.5423791357225,0.6363080684596577,0.6359193646915089
1027.5423791357225,0.636919315403423,0.6365302382406842
1028.8639136198121,0.636919315403423,0.6365302382406842
1028.8639136198121,0.6375305623471883,0.6371411117898595
1029.4014291428307,0.6375305623471883,0.6371411117898595
1029.4014291428307,0.6381418092909535,0.6377519853390348
1030.3724850501808,0.6381418092909535,0.6377519853390348
1030.3724850501808,0.6387530562347188,0.6383628588882101
1032.164760884095,0.6387530562347188,0.6383628588882101
1032.164760884095,0.6393643031784841,0.6389737324373854
1032.8875265779031,0.6393643031784841,0.6389737324373854
1032.8875265779031,0.6399755501222494,0.6395846059865608
1034.5478948881282,0.6399755501222494,0.6395846059865608
1034.5478948881282,0.6405867970660146,0.6401954795357361
1035.0209605349187,0.6405867970660146,0.6401954795357361
1035.0209605349187,0.64119804400978,0.6408063530849114
1036.1873561460804,0.64119804400978,0.6408063530849114
1036.1873561460804,0.6418092909535452,0.6414172266340867
1037.172494960356,0.6418092909535452,0.6414172266340867
1037.172494960356,0.6424205378973105,0.6420281001832621
1038.2926479002517,0.6424205378973105,0.6420281001832621
1038.2926479002517,0.6430317848410758,0.6426389737324374
1038.89887049456,0.6430317848410758,0.6426389737324374
1038.89887049456,0.6436430317848411,0.6432498472816127
1041.1665762920397,0.6436430317848411,0.6432498472816127
1041.1665762920397,0.6442542787286064,0.643860720830788
1043.1653942434657,0.6442542787286064,0.643860720830788
1043.1653942434657,0.6448655256723717,0.6444715943799634
1043.6615005648725,0.6448655256723717,0.6444715943799634
1043.6615005648725,0.6454767726161369,0.6450824679291387
1045.4894627761053,0.6454767726161369,0.6450824679291387
1045.4894627761053,0.6460880195599022,0.645693341478314
1046.8332257021377,0.6460880195599022,0.645693341478314
1046.8332257021377,0.6466992665036675,0.6463042150274894
1047.1014023222742,0.6466992665036675,0.6463042150274894
1047.1014023222742,0.6473105134474327,0.6469150885766646
1047.3640229842313,0.6473105134474327,0.6469150885766646
1047.3640229842313,0.6479217603911981,0.6475259621258399
1047.716369670728,0.6479217603911981,0.6475259621258399
1047.716369670728,0.6485330073349633,0.6481368356750152
1050.1709759120065,0.6485330073349633,0.6481368356750152
1050.1709759120065,0.6491442542787286,0.6487477092241906
1050.7908515434092,0.6491442542787286,0.6487477092241906
1050.7908515434092,0.6497555012224939,0.6493585827733659
1051.4647503920064,0.6497555012224939,0.6493585827733659
1051.4647503920064,0.6503667481662592,0.6499694563225412
1051.8220100737208,0.6503667481662592,0.6499694563225412
1051.8220100737208,0.6509779951100244,0.6505803298717165
1052.9699071205791,0.6509779951100244,0.6505803298717165
1052.9699071205791,0.6515892420537898,0.6511912034208919
1053.797435499388,0.6515892420537898,0.6511912034208919
1053.797435499388,0.652200488997555,0.6518020769700672
1054.5133996832815,0.652200488997555,0.6518020769700672
1054.5133996832815,0.6528117359413202,0.6524129505192425
1054.7868335938515,0.6528117359413202,0.6524129505192425
1054.7868335938515,0.6534229828850856,0.6530238240684179
1056.5865000838112,0.6534229828850856,0.6530238240684179
1056.5865000838112,0.6540342298288508,0.6536346976175932
1057.8859355159898,0.6540342298288508,0.6536346976175932
1057.8859355159898,0.6546454767726161,0.6542455711667685
1058.3968993171934,0.6546454767726161,0.6542455711667685
1058.3968993171934,0.6552567237163814,0.6548564447159438
1060.0826016368694,0.6552567237163814,0.6548564447159438
1060.0826016368694,0.6558679706601467,0.6554673182651192
1061.711508469318,0.6558679706601467,0.6554673182651192
1061.711508469318,0.656479217603912,0.6560781918142944
1062.1055509351731,0.656479217603912,0.6560781918142944
1062.1055509351731,0.6570904645476773,0.6566890653634697
1063.3220971734827,0.6570904645476773,0.6566890653634697
1063.3220971734827,0.6577017114914425,0.657299938912645
1063.7261464492176,0.6577017114914425,0.657299938912645
1063.7261464492176,0.6583129584352079,0.6579108124618204
1064.1436003529511,0.6583129584352079,0.6579108124618204
1064.1436003529511,0.6589242053789731,0.6585216860109957
1065.2413595684664,0.6589242053789731,0.6585216860109957
1065.2413595684664,0.6595354523227384,0.659132559560171
1065.583938166536,0.6595354523227384,0.659132559560171
1065.583938166536,0.6601466992665037,0.6597434331093464
1065.9379521875414,0.6601466992665037,0.6597434331093464
1065.9379521875414,0.660757946210269,0.6603543066585217
1066.3255202568266,0.660757946210269,0.6603543066585217
1066.3255202568266,0.6613691931540342,0.660965180207697
1068.7170200269256,0.6613691931540342,0.660965180207697
1068.7170200269256,0.6619804400977995,0.6615760537568723
1069.2555197119073,0.6619804400977995,0.6615760537568723
1069.2555197119073,0.6625916870415648,0.6621869273060477
1069.653500673935,0.6625916870415648,0.6621869273060477
1069.653500673935,0.66320293398533,0.662797800855223
1069.9047764833829,0.66320293398533,0.662797800855223
1069.9047764833829,0.6638141809290954,0.6634086744043983
1070.5136913499603,0.6638141809290954,0.6634086744043983
1070.5136913499603,0.6644254278728606,0.6640195479535737
1070.9670494090403,0.6644254278728606,0.6640195479535737
1070.9670494090403,0.6650366748166259,0.664630421502749
1071.2123788460576,0.6650366748166259,0.664630421502749
1071.2123788460576,0.6656479217603912,0.6652412950519242
1071.540952632482,0.6656479217603912,0.6652412950519242
1071.540952632482,0.6662591687041565,0.6658521686010995
1072.3601771811122,0.6662591687041565,0.6658521686010995
1072.3601771811122,0.6668704156479217,0.6664630421502749
1073.0534003886885,0.6668704156479217,0.6664630421502749
1073.0534003886885,0.6674816625916871,0.6670739156994502
1074.0772529259682,0.6674816625916871,0.6670739156994502
1074.0772529259682,0.6680929095354523,0.6676847892486255
1074.8417233183031,0.6680929095354523,0.6676847892486255
1074.8417233183031,0.6687041564792175,0.6682956627978008
1075.3562074101005,0.6687041564792175,0.6682956627978008
1075.3562074101005,0.6693154034229829,0.6689065363469762
1076.7092864220663,0.6693154034229829,0.6689065363469762
1076.7092864220663,0.6699266503667481,0.6695174098961515
1081.7684338984545,0.6699266503667481,0.6695174098961515
1081.7684338984545,0.6705378973105135,0.6701282834453268
1083.324591871722,0.6705378973105135,0.6701282834453268
1083.324591871722,0.6711491442542787,0.6707391569945022
1084.4127141156498,0.6711491442542787,0.6707391569945022
1084.4127141156498,0.671760391198044,0.6713500305436775
1086.3474757771403,0.671760391198044,0.6713500305436775
1086.3474757771403,0.6723716381418093,0.6719609040928528
1087.0613962883422,0.6723716381418093,0.6719609040928528
1087.0613962883422,0.6729828850855746,0.6725717776420281
1088.4191306367188,0.6729828850855746,0.6725717776420281
1088.4191306367188,0.6735941320293398,0.6731826511912035
1089.1577945973672,0.6735941320293398,0.6731826511912035
1089.1577945973672,0.6742053789731052,0.6737935247403788
1090.6339830712873,0.6742053789731052,0.6737935247403788
1090.6339830712873,0.6748166259168704,0.674404398289554
1091.092205184405,0.6748166259168704,0.674404398289554
1091.092205184405,0.6754278728606357,0.6750152718387293
1092.4036932320919,0.6754278728606357,0.6750152718387293
1092.4036932320919,0.676039119804401,0.6756261453879047
1093.4031519092582,0.676039119804401,0.6756261453879047
1093.4031519092582,0.6766503667481663,0.67623701893708
1094.1040054119082,0.6766503667481663,0.67623701893708
1094.1040054119082,0.6772616136919315,0.6768478924862553
1095.0887637123003,0.6772616136919315,0.6768478924862553
1095.0887637123003,0.67787286063569685,0.6774587660354306
1095.530200905789,0.67787286063569685,0.6774587660354306
1095.530200905789,0.6784841075794621,0.678069639584606
1096.0059675295363,0.6784841075794621,0.678069639584606
1096.0059675295363,0.6790953545232273,0.6786805131337813
1096.5786543542001,0.6790953545232273,0.6786805131337813
1096.5786543542001,0.6797066014669927,0.6792913866829566
1096.7539070768185,0.6797066014669927,0.6792913866829566
1096.7539070768185,0.6803178484107579,0.679902260232132
1098.6458507177524,0.6803178484107579,0.679902260232132
1098.6458507177524,0.6809290953545232,0.6805131337813073
1099.1186370718228,0.6809290953545232,0.6805131337813073
1099.1186370718228,0.6815403422982885,0.6811240073304826
1100.432409058452,0.6815403422982885,0.6811240073304826
1100.432409058452,0.6821515892420538,0.681734880879658
1101.3087309821658,0.6821515892420538,0.681734880879658
1101.3087309821658,0.6827628361858191,0.6823457544288333
1104.6707511909185,0.6827628361858191,0.6823457544288333
1104.6707511909185,0.6833740831295844,0.6829566279780086
1105.074174497388,0.6833740831295844,0.6829566279780086
1105.074174497388,0.6839853300733496,0.6835675015271838
1105.5119292918935,0.6839853300733496,0.6835675015271838
1105.5119292918935,0.684596577017115,0.6841783750763591
1106.16549058241,0.684596577017115,0.6841783750763591
1106.16549058241,0.6852078239608802,0.6847892486255345
1107.1552047293092,0.6852078239608802,0.6847892486255345
1107.1552047293092,0.6858190709046454,0.6854001221747098
1108.423932712832,0.6858190709046454,0.6854001221747098
1108.423932712832,0.6864303178484108,0.6860109957238851
1110.7731167393601,0.6864303178484108,0.6860109957238851
1110.7731167393601,0.687041564792176,0.6866218692730605
1112.3079314189624,0.687041564792176,0.6866218692730605
1112.3079314189624,0.6876528117359413,0.6872327428222358
1112.9649307865866,0.6876528117359413,0.6872327428222358
1112.9649307865866,0.6882640586797066,0.6878436163714111
1113.8256235018187,0.6882640586797066,0.6878436163714111
1113.8256235018187,0.6888753056234719,0.6884544899205864
1114.996724349727,0.6888753056234719,0.6884544899205864
1114.996724349727,0.6894865525672371,0.6890653634697618
1116.2369500366663,0.6894865525672371,0.6890653634697618
1116.2369500366663,0.6900977995110025,0.6896762370189371
1118.8129111219396,0.6900977995110025,0.6896762370189371
1118.8129111219396,0.6907090464547677,0.6902871105681124
1119.3520663257407,0.6907090464547677,0.6902871105681124
1119.3520663257407,0.691320293398533,0.6908979841172878
1120.3615103350276,0.691320293398533,0.6908979841172878
1120.3615103350276,0.6919315403422983,0.6915088576664631
1121.0151887095374,0.6919315403422983,0.6915088576664631
1121.0151887095374,0.6925427872860636,0.6921197312156384
1121.5150898081038,0.6925427872860636,0.6921197312156384
1121.5150898081038,0.6931540342298288,0.6927306047648136
1122.1084837362605,0.6931540342298288,0.6927306047648136
1122.1084837362605,0.6937652811735942,0.693341478313989
1122.475516230104,0.6937652811735942,0.693341478313989
1122.475516230104,0.6943765281173594,0.6939523518631643
1124.0076497237774,0.6943765281173594,0.6939523518631643
1124.0076497237774,0.6949877750611247,0.6945632254123396
1127.264829290462,0.6949877750611247,0.6945632254123396
1127.264829290462,0.69559902200489,0.6951740989615149
1127.8484679734734,0.69559902200489,0.6951740989615149
1127.8484679734734,0.6962102689486552,0.6957849725106903
1128.7250368705854,0.6962102689486552,0.6957849725106903
1128.7250368705854,0.6968215158924206,0.6963958460598656
1129.3342949107025,0.6968215158924206,0.6963958460598656
1129.3342949107025,0.6974327628361858,0.6970067196090409
1129.8629668501467,0.6974327628361858,0.6970067196090409
1129.8629668501467,0.6980440097799511,0.6976175931582163
1130.5448554785082,0.6980440097799511,0.6976175931582163
1130.5448554785082,0.6986552567237164,0.6982284667073916
1131.6747577939761,0.6986552567237164,0.6982284667073916
1131.6747577939761,0.6992665036674817,0.6988393402565669
1132.2251606451978,0.6992665036674817,0.6988393402565669
1132.2251606451978,0.6998777506112469,0.6994502138057422
1132.9119985418197,0.6998777506112469,0.6994502138057422
1132.9119985418197,0.7004889975550123,0.7000610873549176
1133.4220982369054,0.7004889975550123,0.7000610873549176
1133.4220982369054,0.7011002444987775,0.7006719609040929
1133.901663985195,0.7011002444987775,0.7006719609040929
1133.901663985195,0.7017114914425427,0.7012828344532682
1134.5903012019214,0.7017114914425427,0.7012828344532682
1134.5903012019214,0.7023227383863081,0.7018937080024434
1135.1100712616612,0.7023227383863081,0.7018937080024434
1135.1100712616612,0.7029339853300733,0.7025045815516188
1135.5722914419398,0.7029339853300733,0.7025045815516188
1135.5722914419398,0.7035452322738386,0.7031154551007941
1136.2768742978442,0.7035452322738386,0.7031154551007941
1136.2768742978442,0.7041564792176039,0.7037263286499694
1137.9155867091908,0.7041564792176039,0.7037263286499694
1137.9155867091908,0.7047677261613692,0.7043372021991448
1139.63889920114,0.7047677261613692,0.7043372021991448
1139.63889920114,0.7053789731051344,0.7049480757483201
1139.9906479874776,0.7053789731051344,0.7049480757483201
1139.9906479874776,0.7059902200488998,0.7055589492974954
1140.7530357927694,0.7059902200488998,0.7055589492974954
1140.7530357927694,0.706601466992665,0.7061698228466707
1141.2763823537775,0.706601466992665,0.7061698228466707
1141.2763823537775,0.7072127139364304,0.7067806963958461
1141.7415496866706,0.7072127139364304,0.7067806963958461
1141.7415496866706,0.7078239608801956,0.7073915699450214
1141.9333017591657,0.7078239608801956,0.7073915699450214
1141.9333017591657,0.7084352078239609,0.7080024434941967
1142.1073221666556,0.7084352078239609,0.7080024434941967
1142.1073221666556,0.7090464547677262,0.708613317043372
1143.7867189632818,0.7090464547677262,0.708613317043372
1143.7867189632818,0.7096577017114915,0.7092241905925474
1145.618110772737,0.7096577017114915,0.7092241905925474
1145.618110772737,0.7102689486552567,0.7098350641417227
1147.124474650444,0.7102689486552567,0.7098350641417227
1147.124474650444,0.710880195599022,0.710445937690898
1147.8583264792408,0.710880195599022,0.710445937690898
1147.8583264792408,0.7114914425427873,0.7110568112400732
1148.5552806339479,0.7114914425427873,0.7110568112400732
1148.5552806339479,0.7121026894865525,0.7116676847892486
1151.0208221908078,0.7121026894865525,0.7116676847892486
1151.0208221908078,0.7127139364303179,0.7122785583384239
1152.1781479485942,0.7127139364303179,0.7122785583384239
1152.1781479485942,0.7133251833740831,0.7128894318875992
1153.9115211513974,0.7133251833740831,0.7128894318875992
1153.9115211513974,0.7139364303178484,0.7135003054367746
1156.47278604227,0.7139364303178484,0.7135003054367746
1156.47278604227,0.7145476772616137,0.7141111789859499
1157.1034947469277,0.7145476772616137,0.7141111789859499
1157.1034947469277,0.715158924205379,0.7147220525351252
1158.9644500332129,0.715158924205379,0.7147220525351252
1158.9644500332129,0.7157701711491442,0.7153329260843005
1159.7512062151316,0.7157701711491442,0.7153329260843005
1159.7512062151316,0.7163814180929096,0.7159437996334759
1160.4433033674713,0.7163814180929096,0.7159437996334759
1160.4433033674713,0.7169926650366748,0.7165546731826512
1161.4118807913053,0.7169926650366748,0.7165546731826512
1161.4118807913053,0.71760391198044,0.7171655467318265
1162.9016813763044,0.71760391198044,0.7171655467318265
1162.9016813763044,0.7182151589242054,0.7177764202810019
1163.7119277252013,0.7182151589242054,0.7177764202810019
1163.7119277252013,0.7188264058679706,0.7183872938301772
1164.3468221157157,0.7188264058679706,0.7183872938301772
1164.3468221157157,0.719437652811736,0.7189981673793525
1166.7844710718084,0.719437652811736,0.7189981673793525
1166.7844710718084,0.7200488997555012,0.7196090409285278
1168.432995375535,0.7200488997555012,0.7196090409285278
1168.432995375535,0.7206601466992665,0.7202199144777031
1169.0100492746083,0.7206601466992665,0.7202199144777031
1169.0100492746083,0.7212713936430318,0.7208307880268784
1169.4027786290783,0.7212713936430318,0.7208307880268784
1169.4027786290783,0.7218826405867971,0.7214416615760537
1170.0208289486234,0.7218826405867971,0.7214416615760537
1170.0208289486234,0.7224938875305623,0.722052535125229
1170.438733757313,0.7224938875305623,0.722052535125229
1170.438733757313,0.7231051344743277,0.7226634086744044
1171.3517496610111,0.7231051344743277,0.7226634086744044
1171.3517496610111,0.7237163814180929,0.7232742822235797
1171.8674014282801,0.7237163814180929,0.7232742822235797
1171.8674014282801,0.7243276283618582,0.723885155772755
1172.9909929244811,0.7243276283618582,0.723885155772755
1172.9909929244811,0.7249388753056235,0.7244960293219304
1177.3337825624953,0.7249388753056235,0.7244960293219304
1177.3337825624953,0.7255501222493888,0.7251069028711057
1177.7436788604946,0.7255501222493888,0.7251069028711057
1177.7436788604946,0.726161369193154,0.725717776420281
1178.1888162918804,0.726161369193154,0.725717776420281
1178.1888162918804,0.7267726161369193,0.7263286499694563
1179.2662860573043,0.7267726161369193,0.7263286499694563
1179.2662860573043,0.7273838630806846,0.7269395235186317
1180.889689921164,0.7273838630806846,0.7269395235186317
1180.889689921164,0.7279951100244498,0.727550397067807
1181.8890761554715,0.7279951100244498,0.727550397067807
1181.8890761554715,0.7286063569682152,0.7281612706169823
1182.2307996144898,0.7286063569682152,0.7281612706169823
1182.2307996144898,0.7292176039119804,0.7287721441661577
1182.742210387728,0.7292176039119804,0.7287721441661577
1182.742210387728,0.7298288508557457,0.7293830177153329
1183.1081064438713,0.7298288508557457,0.7293830177153329
1183.1081064438713,0.730440097799511,0.7299938912645082
1183.6937739035968,0.730440097799511,0.7299938912645082
1183.6937739035968,0.7310513447432763,0.7306047648136835
1184.291785747484,0.7310513447432763,0.7306047648136835
1184.291785747484,0.7316625916870416,0.7312156383628589
1185.0717103398738,0.7316625916870416,0.7312156383628589
1185.0717103398738,0.7322738386308069,0.7318265119120342
1186.007338979549,0.7322738386308069,0.7318265119120342
1186.007338979549,0.7328850855745721,0.7324373854612095
1186.4486186491254,0.7328850855745721,0.7324373854612095
1186.4486186491254,0.7334963325183375,0.7330482590103848
1186.7442849845197,0.7334963325183375,0.7330482590103848
1186.7442849845197,0.7341075794621027,0.7336591325595602
1187.6453420090177,0.7341075794621027,0.7336591325595602
1187.6453420090177,0.7347188264058679,0.7342700061087355
1189.2083087661545,0.7347188264058679,0.7342700061087355
1189.2083087661545,0.7353300733496333,0.7348808796579108
1189.681393634276,0.7353300733496333,0.7348808796579108
1189.681393634276,0.7359413202933985,0.7354917532070862
1190.120024304293,0.7359413202933985,0.7354917532070862
1190.120024304293,0.7365525672371638,0.7361026267562615
1191.5019404779562,0.7365525672371638,0.7361026267562615
1191.5019404779562,0.7371638141809291,0.7367135003054368
1192.1203170530157,0.7371638141809291,0.7367135003054368
1192.1203170530157,0.7377750611246944,0.7373243738546121
1193.064619164987,0.7377750611246944,0.7373243738546121
1193.064619164987,0.7383863080684596,0.7379352474037875
1194.1839451727124,0.7383863080684596,0.7379352474037875
1194.1839451727124,0.738997555012225,0.7385461209529627
1194.936199590108,0.738997555012225,0.7385461209529627
1194.936199590108,0.7396088019559902,0.739156994502138
1195.694144147772,0.7396088019559902,0.739156994502138
1195.694144147772,0.7402200488997555,0.7397678680513133
1197.5549491184868,0.7402200488997555,0.7397678680513133
1197.5549491184868,0.7408312958435208,0.7403787416004887
1200.3532102298896,0.7408312958435208,0.7403787416004887
1200.3532102298896,0.741442542787286,0.740989615149664
1200.9337786426356,0.741442542787286,0.740989615149664
1200.9337786426356,0.7420537897310513,0.7416004886988393
1202.16232365423,0.7420537897310513,0.7416004886988393
1202.16232365423,0.7426650366748166,0.74221136224801465
1203.8160073234562,0.7426650366748166,0.74221136224801465
1203.8160073234562,0.7432762836185819,0.74282223579719
1204.5783577078726,0.7432762836185819,0.74282223579719
1204.5783577078726,0.7438875305623472,0.7434331093463653
1205.1179155754949,0.7438875305623472,0.7434331093463653
1205.1179155754949,0.7444987775061125,0.7440439828955406
1206.462117452285,0.7444987775061125,0.7440439828955406
1206.462117452285,0.7451100244498777,0.744654856444716
1206.8069194390644,0.7451100244498777,0.744654856444716
1206.8069194390644,0.7457212713936431,0.7452657299938913
1207.6973267620342,0.7457212713936431,0.7452657299938913
1207.6973267620342,0.7463325183374083,0.7458766035430666
1207.909490316135,0.7463325183374083,0.7458766035430666
1207.909490316135,0.7469437652811736,0.746487477092242
1208.3919810749676,0.7469437652811736,0.746487477092242
1208.3919810749676,0.7475550122249389,0.7470983506414173
1209.0186209470485,0.7475550122249389,0.7470983506414173
1209.0186209470485,0.7481662591687042,0.7477092241905925
1210.1610138178976,0.7481662591687042,0.7477092241905925
1210.1610138178976,0.7487775061124694,0.7483200977397678
1210.7008884173522,0.7487775061124694,0.7483200977397678
1210.7008884173522,0.7493887530562348,0.7489309712889431
1211.0698138127077,0.7493887530562348,0.7489309712889431
1211.0698138127077,0.75,0.7495418448381185
1212.4526549538814,0.75,0.7495418448381185
1212.4526549538814,0.7506112469437652,0.7501527183872938
1213.7129665601476,0.7506112469437652,0.7501527183872938
1213.7129665601476,0.7512224938875306,0.7507635919364691
1214.1199466158512,0.7512224938875306,0.7507635919364691
1214.1199466158512,0.7518337408312958,0.7513744654856445
1214.7659586642399,0.7518337408312958,0.7513744654856445
1214.7659586642399,0.7524449877750611,0.7519853390348198
1216.4023412951226,0.7524449877750611,0.7519853390348198
1216.4023412951226,0.7530562347188264,0.7525962125839951
1219.8255456222885,0.7530562347188264,0.7525962125839951
1219.8255456222885,0.7536674816625917,0.7532070861331704
1220.1631604703225,0.7536674816625917,0.7532070861331704
1220.1631604703225,0.7542787286063569,0.7538179596823458
1220.5339839248159,0.7542787286063569,0.7538179596823458
1220.5339839248159,0.7548899755501223,0.7544288332315211
1222.2962528765486,0.7548899755501223,0.7544288332315211
1222.2962528765486,0.7555012224938875,0.7550397067806964
1223.0450662293683,0.7555012224938875,0.7550397067806964
1223.0450662293683,0.7561124694376528,0.7556505803298718
1223.4595300198403,0.7561124694376528,0.7556505803298718
1223.4595300198403,0.7567237163814181,0.7562614538790471
1223.8868905164336,0.7567237163814181,0.7562614538790471
1223.8868905164336,0.7573349633251834,0.7568723274282224
1225.604395566247,0.7573349633251834,0.7568723274282224
1225.604395566247,0.7579462102689487,0.7574832009773976
1226.5610445808497,0.7579462102689487,0.7574832009773976
1226.5610445808497,0.758557457212714,0.758094074526573
1231.551235735319,0.758557457212714,0.758094074526573
1231.551235735319,0.7591687041564792,0.7587049480757483
1235.904082226086,0.7591687041564792,0.7587049480757483
1235.904082226086,0.7597799511002445,0.7593158216249236
1236.6812585349971,0.7597799511002445,0.7593158216249236
1236.6812585349971,0.7603911980440098,0.7599266951740989
1239.9909363785873,0.7603911980440098,0.7599266951740989
1239.9909363785873,0.761002444987775,0.7605375687232743
1240.5304087475747,0.761002444987775,0.7605375687232743
1240.5304087475747,0.7616136919315404,0.7611484422724496
1241.9363330528931,0.7616136919315404,0.7611484422724496
1241.9363330528931,0.7622249388753056,0.7617593158216249
1242.3355474270347,0.7622249388753056,0.7617593158216249
1242.3355474270347,0.7628361858190709,0.7623701893708003
1242.771692282785,0.7628361858190709,0.7623701893708003
1242.771692282785,0.7634474327628362,0.7629810629199756
1243.5707139288916,0.7634474327628362,0.7629810629199756
1243.5707139288916,0.7640586797066015,0.7635919364691509
1244.231001465138,0.7640586797066015,0.7635919364691509
1244.231001465138,0.7646699266503667,0.7642028100183262
1244.7468604720152,0.7646699266503667,0.7642028100183262
1244.7468604720152,0.7652811735941321,0.7648136835675016
1245.2045871526834,0.7652811735941321,0.7648136835675016
1245.2045871526834,0.7658924205378973,0.7654245571166769
1246.458940903525,0.7658924205378973,0.7654245571166769
1246.458940903525,0.7665036674816625,0.7660354306658522
1246.694931964293,0.7665036674816625,0.7660354306658522
1246.694931964293,0.7671149144254279,0.7666463042150274
1247.002459042241,0.7671149144254279,0.7666463042150274
1247.002459042241,0.7677261613691931,0.7672571777642028
1247.489512589481,0.7677261613691931,0.7672571777642028
1247.489512589481,0.7683374083129584,0.7678680513133781
1248.41258096973,0.7683374083129584,0.7678680513133781
1248.41258096973,0.7689486552567237,0.7684789248625534
1248.8053497781336,0.7689486552567237,0.7684789248625534
1248.8053497781336,0.769559902200489,0.7690897984117288
1249.0759479701978,0.769559902200489,0.7690897984117288
1249.0759479701978,0.7701711491442543,0.7697006719609041
1249.4943584979997,0.7701711491442543,0.7697006719609041
1249.4943584979997,0.7707823960880196,0.7703115455100794
1250.43387718344,0.7707823960880196,0.7703115455100794
1250.43387718344,0.7713936430317848,0.7709224190592547
1250.907979050219,0.7713936430317848,0.7709224190592547
1250.907979050219,0.7720048899755502,0.7715332926084301
1251.2962885536201,0.7720048899755502,0.7715332926084301
1251.2962885536201,0.7726161369193154,0.7721441661576054
1251.7678889599665,0.7726161369193154,0.7721441661576054
1251.7678889599665,0.7732273838630807,0.7727550397067807
1252.6192604565683,0.7732273838630807,0.7727550397067807
1252.6192604565683,0.773838630806846,0.773365913255956
1253.1738442759688,0.773838630806846,0.773365913255956
1253.1738442759688,0.7744498777506112,0.7739767868051314
1253.5846059337127,0.7744498777506112,0.7739767868051314
1253.5846059337127,0.7750611246943765,0.7745876603543067
1253.8479350244693,0.7750611246943765,0.7745876603543067
1253.8479350244693,0.7756723716381418,0.775198533903482
1254.5176778299983,0.7756723716381418,0.775198533903482
1254.5176778299983,0.7762836185819071,0.7758094074526573
1255.191359222336,0.7762836185819071,0.7758094074526573
1255.191359222336,0.7768948655256723,0.7764202810018326
1256.6243823730215,0.7768948655256723,0.7764202810018326
1256.6243823730215,0.7775061124694377,0.7770311545510079
1256.9677539777786,0.7775061124694377,0.7770311545510079
1256.9677539777786,0.7781173594132029,0.7776420281001832
1257.4528166155997,0.7781173594132029,0.7776420281001832
1257.4528166155997,0.7787286063569682,0.7782529016493586
1257.9993574458617,0.7787286063569682,0.7782529016493586
1257.9993574458617,0.7793398533007335,0.7788637751985339
1258.525092161974,0.7793398533007335,0.7788637751985339
1258.525092161974,0.7799511002444988,0.7794746487477092
1258.890950066983,0.7799511002444988,0.7794746487477092
1258.890950066983,0.780562347188264,0.7800855222968845
1259.6024842245342,0.780562347188264,0.7800855222968845
1259.6024842245342,0.7811735941320294,0.7806963958460599
1260.1185211040856,0.7811735941320294,0.7806963958460599
1260.1185211040856,0.7817848410757946,0.7813072693952352
1260.9247169039718,0.7817848410757946,0.7813072693952352
1260.9247169039718,0.78239608801956,0.7819181429444105
1261.4167230441694,0.78239608801956,0.7819181429444105
1261.4167230441694,0.7830073349633252,0.7825290164935859
1262.1737328603417,0.7830073349633252,0.7825290164935859
1262.1737328603417,0.7836185819070904,0.7831398900427612
1262.4974125928234,0.7836185819070904,0.7831398900427612
1262.4974125928234,0.7842298288508558,0.7837507635919365
1263.4724270154825,0.7842298288508558,0.7837507635919365
1263.4724270154825,0.784841075794621,0.7843616371411118
1264.1198935368382,0.784841075794621,0.7843616371411118
1264.1198935368382,0.7854523227383863,0.7849725106902871
1264.3589633774009,0.7854523227383863,0.7849725106902871
1264.3589633774009,0.7860635696821516,0.7855833842394624
1264.6040882688105,0.7860635696821516,0.7855833842394624
1264.6040882688105,0.7866748166259169,0.7861942577886377
1265.8279974973832,0.7866748166259169,0.7861942577886377
1265.8279974973832,0.7872860635696821,0.786805131337813
1266.9343563665884,0.7872860635696821,0.786805131337813
1266.9343563665884,0.7878973105134475,0.7874160048869884
1267.5287513853805,0.7878973105134475,0.7874160048869884
1267.5287513853805,0.7885085574572127,0.7880268784361637
1269.6272131247354,0.7885085574572127,0.7880268784361637
1269.6272131247354,0.789119804400978,0.788637751985339
1270.4582743831425,0.789119804400978,0.788637751985339
1270.4582743831425,0.7897310513447433,0.7892486255345144
1271.8709223616565,0.7897310513447433,0.7892486255345144
1271.8709223616565,0.7903422982885085,0.7898594990836897
1273.1106376323487,0.7903422982885085,0.7898594990836897
1273.1106376323487,0.7909535452322738,0.790470372632865
1275.5499007346416,0.7909535452322738,0.790470372632865
1275.5499007346416,0.7915647921760391,0.7910812461820403
1277.003267886708,0.7915647921760391,0.7910812461820403
1277.003267886708,0.7921760391198044,0.7916921197312157
1278.9511438404593,0.7921760391198044,0.7916921197312157
1278.9511438404593,0.7927872860635696,0.792302993280391
1279.4362496815081,0.7927872860635696,0.792302993280391
1279.4362496815081,0.793398533007335,0.7929138668295663
1280.416165537596,0.793398533007335,0.7929138668295663
1280.416165537596,0.7940097799511002,0.7935247403787417
1282.8641007867764,0.7940097799511002,0.7935247403787417
1282.8641007867764,0.7946210268948656,0.7941356139279169
1283.382560084508,0.7946210268948656,0.7941356139279169
1283.382560084508,0.7952322738386308,0.7947464874770922
1284.328322859456,0.7952322738386308,0.7947464874770922
1284.328322859456,0.7958435207823961,0.7953573610262675
1284.776522076676,0.7958435207823961,0.7953573610262675
1284.776522076676,0.7964547677261614,0.7959682345754429
1285.4309053964082,0.7964547677261614,0.7959682345754429
1285.4309053964082,0.7970660146699267,0.7965791081246182
1286.5458346501,0.7970660146699267,0.7965791081246182
1286.5458346501,0.7976772616136919,0.7971899816737935
1287.052251884089,0.7976772616136919,0.7971899816737935
1287.052251884089,0.7982885085574573,0.7978008552229688
1287.5701796044366,0.7982885085574573,0.7978008552229688
1287.5701796044366,0.7988997555012225,0.7984117287721442
1288.4800103138903,0.7988997555012225,0.7984117287721442
1288.4800103138903,0.7995110024449877,0.7990226023213195
1290.6303241932237,0.7995110024449877,0.7990226023213195
1290.6303241932237,0.8001222493887531,0.7996334758704948
1291.6479764995138,0.8001222493887531,0.7996334758704948
1291.6479764995138,0.8007334963325183,0.8002443494196702
1293.02891087626,0.8007334963325183,0.8002443494196702
1293.02891087626,0.8013447432762836,0.8008552229688455
1294.6943780422114,0.8013447432762836,0.8008552229688455
1294.6943780422114,0.8019559902200489,0.8014660965180208
1295.6545594868128,0.8019559902200489,0.8014660965180208
1295.6545594868128,0.8025672371638142,0.8020769700671961
1297.5708658901444,0.8025672371638142,0.8020769700671961
1297.5708658901444,0.8031784841075794,0.8026878436163715
1298.3048258478354,0.8031784841075794,0.8026878436163715
1298.3048258478354,0.8037897310513448,0.8032987171655467
1298.9941283340613,0.8037897310513448,0.8032987171655467
1298.9941283340613,0.80440097799511,0.803909590714722
1299.7947658113583,0.80440097799511,0.803909590714722
1299.7947658113583,0.8050122249388753,0.8045204642638973
1301.2282578207823,0.8050122249388753,0.8045204642638973
1301.2282578207823,0.8056234718826406,0.8051313378130727
1302.6706573042754,0.8056234718826406,0.8051313378130727
1302.6706573042754,0.8062347188264058,0.805742211362248
1303.600993743185,0.8062347188264058,0.805742211362248
1303.600993743185,0.8068459657701712,0.8063530849114233
1304.0951550765076,0.8068459657701712,0.8063530849114233
1304.0951550765076,0.8074572127139364,0.8069639584605987
1304.6639900419555,0.8074572127139364,0.8069639584605987
1304.6639900419555,0.8080684596577017,0.807574832009774
1306.3382428948933,0.8080684596577017,0.807574832009774
1306.3382428948933,0.808679706601467,0.8081857055589493
1308.400808839907,0.808679706601467,0.8081857055589493
1308.400808839907,0.8092909535452323,0.8087965791081246
1309.8896338128518,0.8092909535452323,0.8087965791081246
1309.8896338128518,0.8099022004889975,0.8094074526573
1310.9618537602223,0.8099022004889975,0.8094074526573
1310.9618537602223,0.8105134474327629,0.8100183262064753
1312.2534883536114,0.8105134474327629,0.8100183262064753
1312.2534883536114,0.8111246943765281,0.8106291997556506
1314.0780525462771,0.8111246943765281,0.8106291997556506
1314.0780525462771,0.8117359413202934,0.811240073304826
1314.3877754030555,0.8117359413202934,0.811240073304826
1314.3877754030555,0.8123471882640587,0.8118509468540013
1316.0409675762226,0.8123471882640587,0.8118509468540013
1316.0409675762226,0.812958435207824,0.8124618204031765
1316.8114477178858,0.812958435207824,0.8124618204031765
1316.8114477178858,0.8135696821515892,0.8130726939523518
1318.210182969367,0.8135696821515892,0.8130726939523518
1318.210182969367,0.8141809290953546,0.8136835675015271
1318.7130111292272,0.8141809290953546,0.8136835675015271
1318.7130111292272,0.8147921760391198,0.8142944410507025
1319.8113347775625,0.8147921760391198,0.8142944410507025
1319.8113347775625,0.815403422982885,0.8149053145998778
1320.235940422778,0.815403422982885,0.8149053145998778
1320.235940422778,0.8160146699266504,0.8155161881490531
1321.2196829076156,0.8160146699266504,0.8155161881490531
1321.2196829076156,0.8166259168704156,0.8161270616982285
1325.4983936448068,0.8166259168704156,0.8161270616982285
1325.4983936448068,0.8172371638141809,0.8167379352474038
1325.739842675253,0.8172371638141809,0.8167379352474038
1325.739842675253,0.8178484107579462,0.8173488087965791
1325.9398504954274,0.8178484107579462,0.8173488087965791
1325.9398504954274,0.8184596577017115,0.8179596823457544
1326.376806442292,0.8184596577017115,0.8179596823457544
1326.376806442292,0.8190709046454768,0.8185705558949298
1326.9260240301267,0.8190709046454768,0.8185705558949298
1326.9260240301267,0.8196821515892421,0.8191814294441051
1327.4900502387263,0.8196821515892421,0.8191814294441051
1327.4900502387263,0.8202933985330073,0.8197923029932804
1328.3699868813433,0.8202933985330073,0.8197923029932804
1328.3699868813433,0.8209046454767727,0.8204031765424558
1329.751248619444,0.8209046454767727,0.8204031765424558
1329.751248619444,0.8215158924205379,0.8210140500916311
1330.0793812998975,0.8215158924205379,0.8210140500916311
1330.0793812998975,0.82212713936430315,0.8216249236408063
1331.1013319746776,0.82212713936430315,0.8216249236408063
1331.1013319746776,0.8227383863080685,0.8222357971899816
1332.201828216155,0.8227383863080685,0.8222357971899816
1332.201828216155,0.8233496332518337,0.822846670739157
1332.6224808957609,0.8233496332518337,0.822846670739157
1332.6224808957609,0.823960880195599,0.8234575442883323
1333.0984818774677,0.823960880195599,0.8234575442883323
1333.0984818774677,0.8245721271393643,0.8240684178375076
1334.3993945057787,0.8245721271393643,0.8240684178375076
1334.3993945057787,0.8251833740831296,0.82467929138668294
1335.0490108877857,0.8251833740831296,0.82467929138668294
1335.0490108877857,0.8257946210268948,0.8252901649358583
1337.9207748250617,0.8257946210268948,0.8252901649358583
1337.9207748250617,0.8264058679706602,0.8259010384850336
1338.6353353961858,0.8264058679706602,0.8259010384850336
1338.6353353961858,0.8270171149144254,0.8265119120342089
1340.193995010267,0.8270171149144254,0.8265119120342089
1340.193995010267,0.8276283618581907,0.8271227855833843
1341.2078955049644,0.8276283618581907,0.8271227855833843
1341.2078955049644,0.828239608801956,0.8277336591325596
1341.994891695361,0.828239608801956,0.8277336591325596
1341.994891695361,0.8288508557457213,0.8283445326817349
1345.680871587817,0.8288508557457213,0.8283445326817349
1345.680871587817,0.8294621026894865,0.8289554062309102
1347.2619802058384,0.8294621026894865,0.8289554062309102
1347.2619802058384,0.8300733496332519,0.8295662797800856
1348.1592539659339,0.8300733496332519,0.8295662797800856
1348.1592539659339,0.8306845965770171,0.8301771533292609
1348.4274604624943,0.8306845965770171,0.8301771533292609
1348.4274604624943,0.8312958435207825,0.8307880268784361
1349.2588584338164,0.8312958435207825,0.8307880268784361
1349.2588584338164,0.8319070904645477,0.8313989004276114
1349.6954954318737,0.8319070904645477,0.8313989004276114
1349.6954954318737,0.8325183374083129,0.8320097739767868
1350.1475421039622,0.8325183374083129,0.8320097739767868
1350.1475421039622,0.8331295843520783,0.8326206475259621
1350.6940694586342,0.8331295843520783,0.8326206475259621
1350.6940694586342,0.8337408312958435,0.8332315210751374
1351.538133020308,0.8337408312958435,0.8332315210751374
1351.538133020308,0.8343520782396088,0.8338423946243128
1352.1646086385813,0.8343520782396088,0.8338423946243128
1352.1646086385813,0.8349633251833741,0.8344532681734881
1353.1137924126706,0.8349633251833741,0.8344532681734881
1353.1137924126706,0.8355745721271394,0.8350641417226634
1353.8570929617304,0.8355745721271394,0.8350641417226634
1353.8570929617304,0.8361858190709046,0.8356750152718387
1354.545805945365,0.8361858190709046,0.8356750152718387
1354.545805945365,0.83679706601467,0.8362858888210141
1355.812764569578,0.83679706601467,0.8362858888210141
1355.812764569578,0.8374083129584352,0.8368967623701894
1356.4149165709096,0.8374083129584352,0.8368967623701894
1356.4149165709096,0.8380195599022005,0.8375076359193647
1356.789830166179,0.8380195599022005,0.8375076359193647
1356.789830166179,0.8386308068459658,0.83811850946854
1357.5979488005858,0.8386308068459658,0.83811850946854
1357.5979488005858,0.839242053789731,0.8387293830177154
1358.1212097000152,0.839242053789731,0.8387293830177154
1358.1212097000152,0.8398533007334963,0.8393402565668907
1358.8822616081543,0.8398533007334963,0.8393402565668907
1358.8822616081543,0.8404645476772616,0.8399511301160659
1359.4196153687278,0.8404645476772616,0.8399511301160659
1359.4196153687278,0.8410757946210269,0.8405620036652413
1359.9901648274488,0.8410757946210269,0.8405620036652413
1359.9901648274488,0.8416870415647921,0.8411728772144166
1363.1123768790003,0.8416870415647921,0.8411728772144166
1363.1123768790003,0.8422982885085575,0.8417837507635919
1363.6269590547713,0.8422982885085575,0.8417837507635919
1363.6269590547713,0.8429095354523227,0.8423946243127672
1365.4065956008499,0.8429095354523227,0.8423946243127672
1365.4065956008499,0.843520782396088,0.8430054978619426
1365.93158587874,0.843520782396088,0.8430054978619426
1365.93158587874,0.8441320293398533,0.8436163714111179
1366.363029162172,0.8441320293398533,0.8436163714111179
1366.363029162172,0.8447432762836186,0.8442272449602932
1366.6525605881607,0.8447432762836186,0.8442272449602932
1366.6525605881607,0.8453545232273839,0.8448381185094685
1368.5673855412924,0.8453545232273839,0.8448381185094685
1368.5673855412924,0.8459657701711492,0.8454489920586439
1369.6354793732303,0.8459657701711492,0.8454489920586439
1369.6354793732303,0.8465770171149144,0.8460598656078192
1370.0035730491954,0.8465770171149144,0.8460598656078192
1370.0035730491954,0.8471882640586798,0.8466707391569945
1371.6827170981687,0.8471882640586798,0.8466707391569945
1371.6827170981687,0.847799511002445,0.8472816127061699
1376.8628419659835,0.847799511002445,0.8472816127061699
1376.8628419659835,0.8484107579462102,0.8478924862553452
1377.5877460548027,0.8484107579462102,0.8478924862553452
1377.5877460548027,0.8490220048899756,0.8485033598045205
1378.7626722728087,0.8490220048899756,0.8485033598045205
1378.7626722728087,0.8496332518337408,0.8491142333536957
1379.959137164491,0.8496332518337408,0.8491142333536957
1379.959137164491,0.8502444987775061,0.8497251069028711
1380.391048837867,0.8502444987775061,0.8497251069028711
1380.391048837867,0.8508557457212714,0.8503359804520464
1380.8399459522827,0.8508557457212714,0.8503359804520464
1380.8399459522827,0.8514669926650367,0.8509468540012217
1381.3621310646154,0.8514669926650367,0.8509468540012217
1381.3621310646154,0.8520782396088019,0.851557727550397
1381.8603736963132,0.8520782396088019,0.851557727550397
1381.8603736963132,0.8526894865525673,0.8521686010995724
1382.5138946687016,0.8526894865525673,0.8521686010995724
1382.5138946687016,0.8533007334963325,0.8527794746487477
1383.220476697282,0.8533007334963325,0.8527794746487477
1383.220476697282,0.8539119804400978,0.853390348197923
1383.6877223387264,0.8539119804400978,0.853390348197923
1383.6877223387264,0.8545232273838631,0.8540012217470984
1386.599498254104,0.8545232273838631,0.8540012217470984
1386.599498254104,0.8551344743276283,0.8546120952962737
1388.130109520037,0.8551344743276283,0.8546120952962737
1388.130109520037,0.8557457212713936,0.855222968845449
1389.519561598478,0.8557457212713936,0.855222968845449
1389.519561598478,0.8563569682151589,0.8558338423946243
1389.8625424099596,0.8563569682151589,0.8558338423946243
1389.8625424099596,0.8569682151589242,0.8564447159437997
1390.5499827297313,0.8569682151589242,0.8564447159437997
1390.5499827297313,0.8575794621026895,0.857055589492975
1391.6585999415977,0.8575794621026895,0.857055589492975
1391.6585999415977,0.8581907090464548,0.8576664630421503
1392.4351903648578,0.8581907090464548,0.8576664630421503
1392.4351903648578,0.85880195599022,0.8582773365913255
1394.370841234133,0.85880195599022,0.8582773365913255
1394.370841234133,0.8594132029339854,0.8588882101405009
1396.1171600579646,0.8594132029339854,0.8588882101405009
1396.1171600579646,0.8600244498777506,0.8594990836896762
1397.4061334431296,0.8600244498777506,0.8594990836896762
1397.4061334431296,0.8606356968215159,0.8601099572388515
1397.7810595516364,0.8606356968215159,0.8601099572388515
1397.7810595516364,0.8612469437652812,0.8607208307880269
1398.4387852224304,0.8612469437652812,0.8607208307880269
1398.4387852224304,0.8618581907090465,0.8613317043372022
1398.8568886669332,0.8618581907090465,0.8613317043372022
1398.8568886669332,0.8624694376528117,0.8619425778863775
1399.1665233538838,0.8624694376528117,0.8619425778863775
1399.1665233538838,0.863080684596577,0.8625534514355528
1399.4239185734707,0.863080684596577,0.8625534514355528
1399.4239185734707,0.8636919315403423,0.8631643249847282
1399.9107949676873,0.8636919315403423,0.8631643249847282
1399.9107949676873,0.8643031784841075,0.8637751985339035
1400.498277624979,0.8643031784841075,0.8637751985339035
1400.498277624979,0.8649144254278729,0.8643860720830788
1400.9140158950431,0.8649144254278729,0.8643860720830788
1400.9140158950431,0.8655256723716381,0.8649969456322542
1401.152119123874,0.8655256723716381,0.8649969456322542
1401.152119123874,0.8661369193154034,0.8656078191814295
1402.1409106704502,0.8661369193154034,0.8656078191814295
1402.1409106704502,0.8667481662591687,0.8662186927306048
1403.491250992799,0.8667481662591687,0.8662186927306048
1403.491250992799,0.867359413202934,0.8668295662797801
1404.1267229969471,0.867359413202934,0.8668295662797801
1404.1267229969471,0.8679706601466992,0.8674404398289554
1404.3916438630704,0.8679706601466992,0.8674404398289554
1404.3916438630704,0.8685819070904646,0.8680513133781307
1404.9829473649957,0.8685819070904646,0.8680513133781307
1404.9829473649957,0.8691931540342298,0.868662186927306
1405.4834892150157,0.8691931540342298,0.868662186927306
1405.4834892150157,0.8698044009779952,0.8692730604764813
1409.9431752328944,0.8698044009779952,0.8692730604764813
1409.9431752328944,0.8704156479217604,0.8698839340256567
1410.6321864922543,0.8704156479217604,0.8698839340256567
1410.6321864922543,0.8710268948655256,0.870494807574832
1411.743065374617,0.8710268948655256,0.870494807574832
1411.743065374617,0.871638141809291,0.8711056811240073
1412.4170957014094,0.871638141809291,0.8711056811240073
1412.4170957014094,0.8722493887530562,0.8717165546731827
1413.3726692673276,0.8722493887530562,0.8717165546731827
1413.3726692673276,0.8728606356968215,0.872327428222358
1413.6540803108637,0.8728606356968215,0.872327428222358
1413.6540803108637,0.8734718826405868,0.8729383017715333
1414.34178787659,0.8734718826405868,0.8729383017715333
1414.34178787659,0.8740831295843521,0.8735491753207086
1415.1258918908165,0.8740831295843521,0.8735491753207086
1415.1258918908165,0.8746943765281173,0.874160048869884
1416.0908457953747,0.8746943765281173,0.874160048869884
1416.0908457953747,0.8753056234718827,0.8747709224190593
1416.877731517429,0.8753056234718827,0.8747709224190593
1416.877731517429,0.8759168704156479,0.8753817959682346
1417.9114078075331,0.8759168704156479,0.8753817959682346
1417.9114078075331,0.8765281173594132,0.87599266951741
1418.3874387157912,0.8765281173594132,0.87599266951741
1418.3874387157912,0.8771393643031785,0.8766035430665852
1419.810304485627,0.8771393643031785,0.8766035430665852
1419.810304485627,0.8777506112469438,0.8772144166157605
1420.7016493990277,0.8777506112469438,0.8772144166157605
1420.7016493990277,0.878361858190709,0.8778252901649358
1420.974074659412,0.878361858190709,0.8778252901649358
1420.974074659412,0.8789731051344744,0.8784361637141112
1421.2791562724838,0.8789731051344744,0.8784361637141112
1421.2791562724838,0.8795843520782396,0.8790470372632865
1421.6176598489565,0.8795843520782396,0.8790470372632865
1421.6176598489565,0.8801955990220048,0.8796579108124618
1422.546776677059,0.8801955990220048,0.8796579108124618
1422.546776677059,0.8808068459657702,0.8802687843616371
1423.8469619166772,0.8808068459657702,0.8802687843616371
1423.8469619166772,0.8814180929095354,0.8808796579108125
1424.327765117393,0.8814180929095354,0.8808796579108125
1424.327765117393,0.8820293398533008,0.8814905314599878
1424.69686008927,0.8820293398533008,0.8814905314599878
1424.69686008927,0.882640586797066,0.8821014050091631
1425.22448919903,0.882640586797066,0.8821014050091631
1425.22448919903,0.8832518337408313,0.8827122785583384
1427.0696561920445,0.8832518337408313,0.8827122785583384
1427.0696561920445,0.8838630806845966,0.8833231521075138
1427.9080320867263,0.8838630806845966,0.8833231521075138
1427.9080320867263,0.8844743276283619,0.8839340256566891
1428.7470844390618,0.8844743276283619,0.8839340256566891
1428.7470844390618,0.8850855745721271,0.8845448992058644
1429.516304489322,0.8850855745721271,0.8845448992058644
1429.516304489322,0.8856968215158925,0.8851557727550398
1430.984145888231,0.8856968215158925,0.8851557727550398
1430.984145888231,0.8863080684596577,0.885766646304215
1432.3176661986845,0.8863080684596577,0.885766646304215
1432.3176661986845,0.886919315403423,0.8863775198533903
1433.2922687597893,0.886919315403423,0.8863775198533903
1433.2922687597893,0.8875305623471883,0.8869883934025656
1433.8854478316498,0.8875305623471883,0.8869883934025656
1433.8854478316498,0.8881418092909535,0.887599266951741
1435.1154505433824,0.8881418092909535,0.887599266951741
1435.1154505433824,0.8887530562347188,0.8882101405009163
1435.2997038364947,0.8887530562347188,0.8882101405009163
1435.2997038364947,0.8893643031784841,0.8888210140500916
1435.7275033634912,0.8893643031784841,0.8888210140500916
1435.7275033634912,0.8899755501222494,0.889431887599267
1436.068982515457,0.8899755501222494,0.889431887599267
1436.068982515457,0.8905867970660146,0.8900427611484423
1436.8609718076282,0.8905867970660146,0.8900427611484423
1436.8609718076282,0.89119804400978,0.8906536346976176
1437.3856906403694,0.89119804400978,0.8906536346976176
1437.3856906403694,0.8918092909535452,0.8912645082467929
1439.1750252995134,0.8918092909535452,0.8912645082467929
1439.1750252995134,0.8924205378973105,0.8918753817959683
1440.1975595060521,0.8924205378973105,0.8918753817959683
1440.1975595060521,0.8930317848410758,0.8924862553451436
1441.1193406491325,0.8930317848410758,0.8924862553451436
1441.1193406491325,0.8936430317848411,0.8930971288943189
1441.5493254814328,0.8936430317848411,0.8930971288943189
1441.5493254814328,0.8942542787286064,0.8937080024434942
1443.066933783417,0.8942542787286064,0.8937080024434942
1443.066933783417,0.8948655256723717,0.8943188759926696
1443.9973391970343,0.8948655256723717,0.8943188759926696
1443.9973391970343,0.8954767726161369,0.8949297495418448
1445.481375001007,0.8954767726161369,0.8949297495418448
1445.481375001007,0.8960880195599022,0.8955406230910201
1446.0708060475358,0.8960880195599022,0.8955406230910201
1446.0708060475358,0.8966992665036675,0.8961514966401954
1446.7379582538042,0.8966992665036675,0.8961514966401954
1446.7379582538042,0.8973105134474327,0.8967623701893708
1447.662480291191,0.8973105134474327,0.8967623701893708
1447.662480291191,0.8979217603911981,0.8973732437385461
1448.3131251426257,0.8979217603911981,0.8973732437385461
1448.3131251426257,0.8985330073349633,0.8979841172877214
1448.9948006585696,0.8985330073349633,0.8979841172877214
1448.9948006585696,0.8991442542787286,0.8985949908368968
1449.4252549973237,0.8991442542787286,0.8985949908368968
1449.4252549973237,0.8997555012224939,0.8992058643860721
1451.7454272165437,0.8997555012224939,0.8992058643860721
1451.7454272165437,0.9003667481662592,0.8998167379352474
1453.1116159129165,0.9003667481662592,0.8998167379352474
1453.1116159129165,0.9009779951100244,0.9004276114844227
1455.4355228418208,0.9009779951100244,0.9004276114844227
1455.4355228418208,0.9015892420537898,0.9010384850335981
1456.2283403586339,0.9015892420537898,0.9010384850335981
1456.2283403586339,0.902200488997555,0.9016493585827734
1456.746500988705,0.902200488997555,0.9016493585827734
1456.746500988705,0.9028117359413202,0.9022602321319487
1457.834446808908,0.9028117359413202,0.9022602321319487
1457.834446808908,0.9034229828850856,0.902871105681124
1458.4456844283577,0.9034229828850856,0.902871105681124
1458.4456844283577,0.9040342298288508,0.9034819792302994
1459.1529400042596,0.9040342298288508,0.9034819792302994
1459.1529400042596,0.9046454767726161,0.9040928527794746
1461.3204590713735,0.9046454767726161,0.9040928527794746
1461.3204590713735,0.9052567237163814,0.9047037263286499
1462.0533381635494,0.9052567237163814,0.9047037263286499
1462.0533381635494,0.9058679706601467,0.9053145998778253
1462.6343393284642,0.9058679706601467,0.9053145998778253
1462.6343393284642,0.906479217603912,0.9059254734270006
1463.1653256696827,0.906479217603912,0.9059254734270006
1463.1653256696827,0.9070904645476773,0.9065363469761759
1463.9214545122395,0.9070904645476773,0.9065363469761759
1463.9214545122395,0.9077017114914425,0.9071472205253512
1470.770352595192,0.9077017114914425,0.9071472205253512
1470.770352595192,0.9083129584352079,0.9077580940745266
1472.971984140302,0.9083129584352079,0.9077580940745266
1472.971984140302,0.9089242053789731,0.9083689676237019
1473.9076735180658,0.9089242053789731,0.9083689676237019
1473.9076735180658,0.9095354523227384,0.9089798411728772
1475.8629622945791,0.9095354523227384,0.9089798411728772
1475.8629622945791,0.9101466992665037,0.9095907147220526
1476.5542893324516,0.9101466992665037,0.9095907147220526
1476.5542893324516,0.910757946210269,0.9102015882712279
1477.691785064529,0.910757946210269,0.9102015882712279
1477.691785064529,0.9113691931540342,0.9108124618204032
1479.1013727754762,0.9113691931540342,0.9108124618204032
1479.1013727754762,0.9119804400977995,0.9114233353695785
1479.9417541548319,0.9119804400977995,0.9114233353695785
1479.9417541548319,0.9125916870415648,0.9120342089187539
1481.2687801191578,0.9125916870415648,0.9120342089187539
1481.2687801191578,0.91320293398533,0.9126450824679292
1482.9385819150448,0.91320293398533,0.9126450824679292
1482.9385819150448,0.9138141809290954,0.9132559560171044
1483.3671065007277,0.9138141809290954,0.9132559560171044
1483.3671065007277,0.9144254278728606,0.9138668295662797
1484.2165006791042,0.9144254278728606,0.9138668295662797
1484.2165006791042,0.9150366748166259,0.9144777031154551
1484.6361444597849,0.9150366748166259,0.9144777031154551
1484.6361444597849,0.9156479217603912,0.9150885766646304
1485.770842474735,0.9156479217603912,0.9150885766646304
1485.770842474735,0.9162591687041565,0.9156994502138057
1486.263102067751,0.9162591687041565,0.9156994502138057
1486.263102067751,0.9168704156479217,0.916310323762981
1487.4339852991925,0.9168704156479217,0.916310323762981
1487.4339852991925,0.9174816625916871,0.9169211973121564
1488.2824297072912,0.9174816625916871,0.9169211973121564
1488.2824297072912,0.9180929095354523,0.9175320708613317
1489.7229239235203,0.9180929095354523,0.9175320708613317
1489.7229239235203,0.9187041564792175,0.918142944410507
1490.0726321776967,0.9187041564792175,0.918142944410507
1490.0726321776967,0.9193154034229829,0.9187538179596824
1490.3758117724115,0.9193154034229829,0.9187538179596824
1490.3758117724115,0.9199266503667481,0.9193646915088577
1490.9593276432443,0.9199266503667481,0.9193646915088577
1490.9593276432443,0.9205378973105135,0.919975565058033
1492.2534366974462,0.9205378973105135,0.919975565058033
1492.2534366974462,0.9211491442542787,0.9205864386072083
1493.6845040021763,0.9211491442542787,0.9205864386072083
1493.6845040021763,0.921760391198044,0.9211973121563837
1495.3709787885919,0.921760391198044,0.9211973121563837
1495.3709787885919,0.9223716381418093,0.921808185705559
1496.2533140160137,0.9223716381418093,0.921808185705559
1496.2533140160137,0.9229828850855746,0.9224190592547342
1496.753354689191,0.9229828850855746,0.9224190592547342
1496.753354689191,0.9235941320293398,0.9230299328039095
1497.767638077792,0.9235941320293398,0.9230299328039095
1497.767638077792,0.9242053789731052,0.9236408063530849
1498.543606200909,0.9242053789731052,0.9236408063530849
1498.543606200909,0.9248166259168704,0.9242516799022602
1499.369402012996,0.9248166259168704,0.9242516799022602
1499.369402012996,0.9254278728606357,0.9248625534514355
1501.0571369738411,0.9254278728606357,0.9248625534514355
1501.0571369738411,0.926039119804401,0.9254734270006109
1501.8611766428853,0.926039119804401,0.9254734270006109
1501.8611766428853,0.9266503667481663,0.9260843005497862
1503.1262492768715,0.9266503667481663,0.9260843005497862
1503.1262492768715,0.9272616136919315,0.9266951740989615
1506.528690018571,0.9272616136919315,0.9266951740989615
1506.528690018571,0.92787286063569685,0.9273060476481368
1507.6795529419924,0.92787286063569685,0.9273060476481368
1507.6795529419924,0.9284841075794621,0.9279169211973122
1511.6823168371232,0.9284841075794621,0.9279169211973122
1511.6823168371232,0.9290953545232273,0.9285277947464875
1512.4154635044779,0.9290953545232273,0.9285277947464875
1512.4154635044779,0.9297066014669927,0.9291386682956628
1512.86425075114,0.9297066014669927,0.9291386682956628
1512.86425075114,0.9303178484107579,0.9297495418448382
1515.6199469642156,0.9303178484107579,0.9297495418448382
1515.6199469642156,0.9309290953545232,0.9303604153940135
1516.0126388096878,0.9309290953545232,0.9303604153940135
1516.0126388096878,0.9315403422982885,0.9309712889431888
1517.580051472213,0.9315403422982885,0.9309712889431888
1517.580051472213,0.9321515892420538,0.931582162492364
1518.1894896029794,0.9321515892420538,0.931582162492364
1518.1894896029794,0.9327628361858191,0.9321930360415394
1521.7709045112447,0.9327628361858191,0.9321930360415394
1521.7709045112447,0.9333740831295844,0.9328039095907147
1522.656194619456,0.9333740831295844,0.9328039095907147
1522.656194619456,0.9339853300733496,0.93341478313989
1523.9769718270875,0.9339853300733496,0.93341478313989
1523.9769718270875,0.934596577017115,0.9340256566890653
1524.5714391176762,0.934596577017115,0.9340256566890653
1524.5714391176762,0.9352078239608802,0.9346365302382407
1525.3063499775844,0.9352078239608802,0.9346365302382407
1525.3063499775844,0.9358190709046454,0.935247403787416
1525.7140671737488,0.9358190709046454,0.935247403787416
1525.7140671737488,0.9364303178484108,0.9358582773365913
1526.8026381248314,0.9364303178484108,0.9358582773365913
1526.8026381248314,0.937041564792176,0.9364691508857667
1528.8469433375185,0.937041564792176,0.9364691508857667
1528.8469433375185,0.9376528117359413,0.937080024434942
1529.6407563938496,0.9376528117359413,0.937080024434942
1529.6407563938496,0.9382640586797066,0.9376908979841173
1532.1099700895911,0.9382640586797066,0.9376908979841173
1532.1099700895911,0.9388753056234719,0.9383017715332926
1532.7259160024398,0.9388753056234719,0.9383017715332926
1532.7259160024398,0.9394865525672371,0.938912645082468
1533.380053257062,0.9394865525672371,0.938912645082468
1533.380053257062,0.9400977995110025,0.9395235186316433
1533.8193855211198,0.9400977995110025,0.9395235186316433
1533.8193855211198,0.9407090464547677,0.9401343921808186
1534.3314743454202,0.9407090464547677,0.9401343921808186
1534.3314743454202,0.941320293398533,0.9407452657299938
1535.108482381559,0.941320293398533,0.9407452657299938
1535.108482381559,0.9419315403422983,0.9413561392791692
1536.22266335444,0.9419315403422983,0.9413561392791692
1536.22266335444,0.9425427872860636,0.9419670128283445
1536.7769962346185,0.9425427872860636,0.9419670128283445
1536.7769962346185,0.9431540342298288,0.9425778863775198
1537.0636341558934,0.9431540342298288,0.9425778863775198
1537.0636341558934,0.9437652811735942,0.9431887599266952
1537.6128582872846,0.9437652811735942,0.9431887599266952
1537.6128582872846,0.9443765281173594,0.9437996334758705
1538.2804708241792,0.9443765281173594,0.9437996334758705
1538.2804708241792,0.9449877750611247,0.9444105070250458
1538.8289242887681,0.9449877750611247,0.9444105070250458
1538.8289242887681,0.94559902200489,0.9450213805742211
1539.7162847635952,0.94559902200489,0.9450213805742211
1539.7162847635952,0.9462102689486552,0.9456322541233965
1540.2327203775149,0.9462102689486552,0.9456322541233965
1540.2327203775149,0.9468215158924206,0.9462431276725718
1541.0514538606528,0.9468215158924206,0.9462431276725718
1541.0514538606528,0.9474327628361858,0.9468540012217471
1541.7391191242434,0.9474327628361858,0.9468540012217471
1541.7391191242434,0.9480440097799511,0.9474648747709224
1542.365914606258,0.9480440097799511,0.9474648747709224
1542.365914606258,0.9486552567237164,0.9480757483200978
1543.6593517837707,0.9486552567237164,0.9480757483200978
1543.6593517837707,0.9492665036674817,0.9486866218692731
1544.460843406027,0.9492665036674817,0.9486866218692731
1544.460843406027,0.9498777506112469,0.9492974954184484
1546.1226341035579,0.9498777506112469,0.9492974954184484
1546.1226341035579,0.9504889975550123,0.9499083689676237
1546.787615139695,0.9504889975550123,0.9499083689676237
1546.787615139695,0.9511002444987775,0.950519242516799
1547.4175180872885,0.9511002444987775,0.950519242516799
1547.4175180872885,0.9517114914425427,0.9511301160659743
1549.0385448188172,0.9517114914425427,0.9511301160659743
1549.0385448188172,0.9523227383863081,0.9517409896151496
1549.654131503407,0.9523227383863081,0.9517409896151496
1549.654131503407,0.9529339853300733,0.952351863164325
1550.6281024238165,0.9529339853300733,0.952351863164325
1550.6281024238165,0.9535452322738386,0.9529627367135003
1552.41812049579,0.9535452322738386,0.9529627367135003
1552.41812049579,0.9541564792176039,0.9535736102626756
1553.0565207889274,0.9541564792176039,0.9535736102626756
1553.0565207889274,0.9547677261613692,0.954184483811851
1554.291499962981,0.9547677261613692,0.954184483811851
1554.291499962981,0.9553789731051344,0.9547953573610263
1557.3962360609094,0.9553789731051344,0.9547953573610263
1557.3962360609094,0.9559902200488998,0.9554062309102016
1558.5093852942246,0.9559902200488998,0.9554062309102016
1558.5093852942246,0.956601466992665,0.9560171044593769
1559.327346851044,0.956601466992665,0.9560171044593769
1559.327346851044,0.9572127139364304,0.9566279780085523
1559.8720395296107,0.9572127139364304,0.9566279780085523
1559.8720395296107,0.9578239608801956,0.9572388515577276
1560.6276699013774,0.9578239608801956,0.9572388515577276
1560.6276699013774,0.9584352078239609,0.9578497251069029
1561.1758938263583,0.9584352078239609,0.9578497251069029
1561.1758938263583,0.9590464547677262,0.9584605986560782
1561.86026078793,0.9590464547677262,0.9584605986560782
1561.86026078793,0.9596577017114915,0.9590714722052535
1562.514304585433,0.9596577017114915,0.9590714722052535
1562.514304585433,0.9602689486552567,0.9596823457544288
1562.967515990913,0.9602689486552567,0.9596823457544288
1562.967515990913,0.960880195599022,0.9602932193036041
1563.6286181610226,0.960880195599022,0.9602932193036041
1563.6286181610226,0.9614914425427873,0.9609040928527794
1564.299077392848,0.9614914425427873,0.9609040928527794
1564.299077392848,0.9621026894865525,0.9615149664019548
1565.3519107234613,0.9621026894865525,0.9615149664019548
1565.3519107234613,0.9627139364303179,0.9621258399511301
1566.1794801598542,0.9627139364303179,0.9621258399511301
1566.1794801598542,0.9633251833740831,0.9627367135003054
1566.9887271569664,0.9633251833740831,0.9627367135003054
1566.9887271569664,0.9639364303178484,0.9633475870494808
1568.1521031154398,0.9639364303178484,0.9633475870494808
1568.1521031154398,0.9645476772616137,0.9639584605986561
1568.8890655925122,0.9645476772616137,0.9639584605986561
1568.8890655925122,0.965158924205379,0.9645693341478314
1569.699042846279,0.965158924205379,0.9645693341478314
1569.699042846279,0.9657701711491442,0.9651802076970067
1570.2458597522677,0.9657701711491442,0.9651802076970067
1570.2458597522677,0.9663814180929096,0.9657910812461821
1570.8486227576714,0.9663814180929096,0.9657910812461821
1570.8486227576714,0.9669926650366748,0.9664019547953574
1571.3676254991,0.9669926650366748,0.9664019547953574
1571.3676254991,0.96760391198044,0.9670128283445327
1572.155026942071,0.96760391198044,0.9670128283445327
1572.155026942071,0.9682151589242054,0.967623701893708
1573.3621635983882,0.9682151589242054,0.967623701893708
1573.3621635983882,0.9688264058679706,0.9682345754428833
1575.253055489951,0.9688264058679706,0.9682345754428833
1575.253055489951,0.969437652811736,0.9688454489920586
1575.8791697635324,0.969437652811736,0.9688454489920586
1575.8791697635324,0.9700488997555012,0.9694563225412339
1576.559449262339,0.9700488997555012,0.9694563225412339
1576.559449262339,0.9706601466992665,0.9700671960904093
1578.6538236574886,0.9706601466992665,0.9700671960904093
1578.6538236574886,0.9712713936430318,0.9706780696395846
1579.5525386849558,0.9712713936430318,0.9706780696395846
1579.5525386849558,0.9718826405867971,0.9712889431887599
1579.9658979620178,0.9718826405867971,0.9712889431887599
1579.9658979620178,0.9724938875305623,0.9718998167379352
1580.588972494615,0.9724938875305623,0.9718998167379352
1580.588972494615,0.9731051344743277,0.9725106902871106
1581.2662228030301,0.9731051344743277,0.9725106902871106
1581.2662228030301,0.9737163814180929,0.9731215638362859
1582.3944444667009,0.9737163814180929,0.9731215638362859
1582.3944444667009,0.9743276283618582,0.9737324373854612
1582.6230358744062,0.9743276283618582,0.9737324373854612
1582.6230358744062,0.9749388753056235,0.9743433109346366
1583.0240091340056,0.9749388753056235,0.9743433109346366
1583.0240091340056,0.9755501222493888,0.9749541844838119
1583.363277891546,0.9755501222493888,0.9749541844838119
1583.363277891546,0.976161369193154,0.9755650580329872
1583.859304536006,0.976161369193154,0.9755650580329872
1583.859304536006,0.9767726161369193,0.9761759315821625
1584.537701970695,0.9767726161369193,0.9761759315821625
1584.537701970695,0.9773838630806846,0.9767868051313379
1585.4189012671793,0.9773838630806846,0.9767868051313379
1585.4189012671793,0.9779951100244498,0.9773976786805131
1586.5162931369896,0.9779951100244498,0.9773976786805131
1586.5162931369896,0.9786063569682152,0.9780085522296884
1587.114357818849,0.9786063569682152,0.9780085522296884
1587.114357818849,0.9792176039119804,0.9786194257788637
1589.1726077403057,0.9792176039119804,0.9786194257788637
1589.1726077403057,0.9798288508557457,0.9792302993280391
1592.6736724118578,0.9798288508557457,0.9792302993280391
1592.6736724118578,0.980440097799511,0.9798411728772144
1596.6595072573318,0.980440097799511,0.9798411728772144
1596.6595072573318,0.9810513447432763,0.9804520464263897
1597.3844406723229,0.9810513447432763,0.9804520464263897
1597.3844406723229,0.9816625916870416,0.981062919975565
1598.09215112987,0.9816625916870416,0.981062919975565
1598.09215112987,0.9822738386308069,0.9816737935247404
1598.8715050250757,0.9822738386308069,0.9816737935247404
1598.8715050250757,0.9828850855745721,0.9822846670739157
1599.4793954468848,0.9828850855745721,0.9822846670739157
1599.4793954468848,0.9834963325183375,0.982895540623091
1600.557272296567,0.9834963325183375,0.982895540623091
1600.557272296567,0.9841075794621027,0.9835064141722664
1601.2194657151292,0.9841075794621027,0.9835064141722664
1601.2194657151292,0.9847188264058679,0.9841172877214417
1601.6797052198215,0.9847188264058679,0.9841172877214417
1601.6797052198215,0.9853300733496333,0.984728161270617
1602.2352680127492,0.9853300733496333,0.984728161270617
1602.2352680127492,0.9859413202933985,0.9853390348197923
1602.845404083519,0.9859413202933985,0.9853390348197923
1602.845404083519,0.9865525672371638,0.9859499083689677
1603.361671756484,0.9865525672371638,0.9859499083689677
1603.361671756484,0.9871638141809291,0.9865607819181429
1604.3398467296531,0.9871638141809291,0.9865607819181429
1604.3398467296531,0.9877750611246944,0.9871716554673182
1605.2312546537537,0.9877750611246944,0.9871716554673182
1605.2312546537537,0.9883863080684596,0.9877825290164935
1610.7430199159899,0.9883863080684596,0.9877825290164935
1610.7430199159899,0.988997555012225,0.9883934025656689
1611.3200415480333,0.988997555012225,0.9883934025656689
1611.3200415480333,0.9896088019559902,0.9890042761148442
1611.9876871483414,0.9896088019559902,0.9890042761148442
1611.9876871483414,0.9902200488997555,0.9896151496640195
1612.4351366274523,0.9902200488997555,0.9896151496640195
1612.4351366274523,0.9908312958435208,0.9902260232131949
1616.519509178415,0.9908312958435208,0.9902260232131949
1616.519509178415,0.991442542787286,0.9908368967623702
1618.4017601685941,0.991442542787286,0.9908368967623702
1618.4017601685941,0.9920537897310513,0.9914477703115455
1619.2506573240362,0.9920537897310513,0.9914477703115455
1619.2506573240362,0.9926650366748166,0.9920586438607208
1619.7414751166348,0.9926650366748166,0.9920586438607208
1619.7414751166348,0.9932762836185819,0.9926695174098962
1620.252476788463,0.9932762836185819,0.9926695174098962
1620.252476788463,0.9938875305623472,0.9932803909590715
1620.9436878779306,0.9938875305623472,0.9932803909590715
1620.9436878779306,0.9944987775061125,0.9938912645082468
1621.5970522790676,0.9944987775061125,0.9938912645082468
1621.5970522790676,0.9951100244498777,0.9945021380574222
1623.03940854627,0.9951100244498777,0.9945021380574222
1623.03940854627,0.9957212713936431,0.9951130116065975
1624.1008940344414,0.9957212713936431,0.9951130116065975
1624.1008940344414,0.9963325183374083,0.9957238851557727
1627.3630802714033,0.9963325183374083,0.9957238851557727
1627.3630802714033,0.9969437652811736,0.996334758704948
1628.7241047345185,0.9969437652811736,0.996334758704948
1628.7241047345185,0.9975550122249389,0.9969456322541234
1629.6580997873195,0.9975550122249389,0.9969456322541234
1629.6580997873195,0.9981662591687042,0.9975565058032987
1630.5249314650212,0.9981662591687042,0.9975565058032987
1630.5249314650212,0.9987775061124694,0.998167379352474
1632.1719214510244,0.9987775061124694,0.998167379352474
1632.1719214510244,0.9993887530562348,0.9987782529016493
1633.4778179014722,0.9993887530562348,0.9987782529016493
1633.4778179014722,1,0.9993891264508247
1636.9768046459167,1,0.9993891264508247
